uref[m/s]	f[Hz]	Noise[Hz^-1/2]
10.17241379	1.0	1.28745e-20
10.17241379	1.07978	7.71666e-21
10.17241379	1.16591	4.55584e-21
10.17241379	1.25893	2.64706e-21
10.17241379	1.35936	1.51166e-21
10.17241379	1.4678	8.47439e-22
10.17241379	1.58489	4.65764e-22
10.17241379	1.71133	2.50619e-22
10.17241379	1.84785	1.31818e-22
10.17241379	1.99526	6.76661e-23
10.17241379	2.15443	3.38465e-23
10.17241379	2.32631	1.64749e-23
10.17241379	2.51189	7.79865e-24
10.17241379	2.71227	3.59305e-24
10.17241379	2.92864	1.61992e-24
10.17241379	3.16228	7.25916e-25
10.17241379	3.41455	3.34857e-25
10.17241379	3.68695	1.67161e-25
10.17241379	3.98107	9.26568e-26
10.17241379	4.29866	5.55301e-26
10.17241379	4.64159	3.44797e-26
10.17241379	5.01187	2.16278e-26
10.17241379	5.4117	1.35914e-26
10.17241379	5.84341	8.54428e-27
10.17241379	6.30957	5.37991e-27
10.17241379	6.81292	3.39132e-27
10.17241379	7.35642	2.13914e-27
10.17241379	7.94328	1.34967e-27
10.17241379	8.57696	8.51264e-28
10.17241379	9.26119	5.36915e-28
10.17241379	10.0	3.38636e-28
11.03448276	1.0	1.89321e-20
11.03448276	1.07978	1.15631e-20
11.03448276	1.16591	6.96599e-21
11.03448276	1.25893	4.13568e-21
11.03448276	1.35936	2.41721e-21
11.03448276	1.4678	1.38935e-21
11.03448276	1.58489	7.84337e-22
11.03448276	1.71133	4.34338e-22
11.03448276	1.84785	2.3558e-22
11.03448276	1.99526	1.24991e-22
11.03448276	2.15443	6.47473e-23
11.03448276	2.32631	3.27036e-23
11.03448276	2.51189	1.60802e-23
11.03448276	2.71227	7.68732e-24
11.03448276	2.92864	3.57318e-24
11.03448276	3.16228	1.61915e-24
11.03448276	3.41455	7.22579e-25
11.03448276	3.68695	3.2566e-25
11.03448276	3.98107	1.55266e-25
11.03448276	4.29866	8.18552e-26
11.03448276	4.64159	4.75194e-26
11.03448276	5.01187	2.91041e-26
11.03448276	5.4117	1.81744e-26
11.03448276	5.84341	1.14064e-26
11.03448276	6.30957	7.17004e-27
11.03448276	6.81292	4.51315e-27
11.03448276	7.35642	2.84442e-27
11.03448276	7.94328	1.7945e-27
11.03448276	8.57696	1.13207e-27
11.03448276	9.26119	7.1408e-28
11.03448276	10.0	4.50367e-28
11.89655172	1.0	2.64284e-20
11.89655172	1.07978	1.63985e-20
11.89655172	1.16591	1.00478e-20
11.89655172	1.25893	6.07434e-21
11.89655172	1.35936	3.61998e-21
11.89655172	1.4678	2.12432e-21
11.89655172	1.58489	1.22645e-21
11.89655172	1.71133	6.95668e-22
11.89655172	1.84785	3.87209e-22
11.89655172	1.99526	2.11194e-22
11.89655172	2.15443	1.12709e-22
11.89655172	2.32631	5.87641e-23
11.89655172	2.51189	2.98814e-23
11.89655172	2.71227	1.47953e-23
11.89655172	2.92864	7.12432e-24
11.89655172	3.16228	3.33341e-24
11.89655172	3.41455	1.518e-24
11.89655172	3.68695	6.77434e-25
11.89655172	3.98107	3.01887e-25
11.89655172	4.29866	1.39884e-25
11.89655172	4.64159	7.09081e-26
11.89655172	5.01187	3.99152e-26
11.89655172	5.4117	2.40782e-26
11.89655172	5.84341	1.49535e-26
11.89655172	6.30957	9.36973e-27
11.89655172	6.81292	5.88681e-27
11.89655172	7.35642	3.70472e-27
11.89655172	7.94328	2.33546e-27
11.89655172	8.57696	1.47322e-27
11.89655172	9.26119	9.29421e-28
11.89655172	10.0	5.86242e-28
12.75862069	1.0	3.53988e-20
12.75862069	1.07978	2.22638e-20
12.75862069	1.16591	1.38391e-20
12.75862069	1.25893	8.49575e-21
12.75862069	1.35936	5.14709e-21
12.75862069	1.4678	3.07428e-21
12.75862069	1.58489	1.80893e-21
12.75862069	1.71133	1.04714e-21
12.75862069	1.84785	5.95769e-22
12.75862069	1.99526	3.32656e-22
12.75862069	2.15443	1.82075e-22
12.75862069	2.32631	9.7542e-23
12.75862069	2.51189	5.10579e-23
12.75862069	2.71227	2.60726e-23
12.75862069	2.92864	1.29684e-23
12.75862069	3.16228	6.27199e-24
12.75862069	3.41455	2.94821e-24
12.75862069	3.68695	1.34739e-24
12.75862069	3.98107	6.01701e-25
12.75862069	4.29866	2.66668e-25
12.75862069	4.64159	1.21458e-25
12.75862069	5.01187	5.98883e-26
12.75862069	5.4117	3.28668e-26
12.75862069	5.84341	1.95556e-26
12.75862069	6.30957	1.20784e-26
12.75862069	6.81292	7.55415e-27
12.75862069	7.35642	4.7439e-27
12.75862069	7.94328	2.9861e-27
12.75862069	8.57696	1.88227e-27
12.75862069	9.26119	1.18745e-27
12.75862069	10.0	7.49117e-28
13.62068966	1.0	4.58613e-20
13.62068966	1.07978	2.91806e-20
13.62068966	1.16591	1.83648e-20
13.62068966	1.25893	1.14241e-20
13.62068966	1.35936	7.0197e-21
13.62068966	1.4678	4.25677e-21
13.62068966	1.58489	2.54569e-21
13.62068966	1.71133	1.49963e-21
13.62068966	1.84785	8.69362e-22
13.62068966	1.99526	4.95291e-22
13.62068966	2.15443	2.77036e-22
13.62068966	2.32631	1.519e-22
13.62068966	2.51189	8.15264e-23
13.62068966	2.71227	4.276e-23
13.62068966	2.92864	2.18845e-23
13.62068966	3.16228	1.09101e-23
13.62068966	3.41455	5.28974e-24
13.62068966	3.68695	2.49184e-24
13.62068966	3.98107	1.14067e-24
13.62068966	4.29866	5.09598e-25
13.62068966	4.64159	2.25116e-25
13.62068966	5.01187	1.01475e-25
13.62068966	5.4117	4.91614e-26
13.62068966	5.84341	2.65183e-26
13.62068966	6.30957	1.56074e-26
13.62068966	6.81292	9.5948e-27
13.62068966	7.35642	5.99136e-27
13.62068966	7.94328	3.76211e-27
13.62068966	8.57696	2.36813e-27
13.62068966	9.26119	1.49301e-27
13.62068966	10.0	9.41876e-28
14.48275862	1.0	5.78028e-20
14.48275862	1.07978	3.71556e-20
14.48275862	1.16591	2.3638e-20
14.48275862	1.25893	1.48749e-20
14.48275862	1.35936	9.25298e-21
14.48275862	1.4678	5.68561e-21
14.48275862	1.58489	3.44837e-21
14.48275862	1.71133	2.06229e-21
14.48275862	1.84785	1.21501e-21
14.48275862	1.99526	7.04415e-22
14.48275862	2.15443	4.01463e-22
14.48275862	2.32631	2.24617e-22
14.48275862	2.51189	1.23194e-22
14.48275862	2.71227	6.61389e-23
14.48275862	2.92864	3.47034e-23
14.48275862	3.16228	1.77675e-23
14.48275862	3.41455	8.86069e-24
14.48275862	3.68695	4.29797e-24
14.48275862	3.98107	2.02501e-24
14.48275862	4.29866	9.27073e-25
14.48275862	4.64159	4.13894e-25
14.48275862	5.01187	1.82347e-25
14.48275862	5.4117	8.17293e-26
14.48275862	5.84341	3.92314e-26
14.48275862	6.30957	2.09493e-26
14.48275862	6.81292	1.22489e-26
14.48275862	7.35642	7.50668e-27
14.48275862	7.94328	4.68464e-27
14.48275862	8.57696	2.93975e-27
14.48275862	9.26119	1.85187e-27
14.48275862	10.0	1.16769e-27
15.34482759	1.0	7.12095e-20
15.34482759	1.07978	4.61872e-20
15.34482759	1.16591	2.96653e-20
15.34482759	1.25893	1.88573e-20
15.34482759	1.35936	1.18571e-20
15.34482759	1.4678	7.37006e-21
15.34482759	1.58489	4.52546e-21
15.34482759	1.71133	2.74234e-21
15.34482759	1.84785	1.63889e-21
15.34482759	1.99526	9.64705e-22
15.34482759	2.15443	5.58902e-22
15.34482759	2.32631	3.18237e-22
15.34482759	2.51189	1.7788e-22
15.34482759	2.71227	9.74573e-23
15.34482759	2.92864	5.22711e-23
15.34482759	3.16228	2.73955e-23
15.34482759	3.41455	1.401e-23
15.34482759	3.68695	6.97852e-24
15.34482759	3.98107	3.37998e-24
15.34482759	4.29866	1.5902e-24
15.34482759	4.64159	7.26783e-25
15.34482759	5.01187	3.23776e-25
15.34482759	5.4117	1.4235e-25
15.34482759	5.84341	6.36489e-26
15.34482759	6.30957	3.04566e-26
15.34482759	6.81292	1.62177e-26
15.34482759	7.35642	9.46363e-27
15.34482759	7.94328	5.7964e-27
15.34482759	8.57696	3.61572e-27
15.34482759	9.26119	2.27079e-27
15.34482759	10.0	1.43023e-27
16.20689655	1.0	8.60504e-20
16.20689655	1.07978	5.62612e-20
16.20689655	1.16591	3.64421e-20
16.20689655	1.25893	2.33747e-20
16.20689655	1.35936	1.48387e-20
16.20689655	1.4678	9.31789e-21
16.20689655	1.58489	5.7838e-21
16.20689655	1.71133	3.54606e-21
16.20689655	1.84785	2.14571e-21
16.20689655	1.99526	1.28015e-21
16.20689655	2.15443	7.52367e-22
16.20689655	2.32631	4.35114e-22
16.20689655	2.51189	2.47274e-22
16.20689655	2.71227	1.37936e-22
16.20689655	2.92864	7.54185e-23
16.20689655	3.16228	4.03557e-23
16.20689655	3.41455	2.11005e-23
16.20689655	3.68695	1.07627e-23
16.20689655	3.98107	5.34572e-24
16.20689655	4.29866	2.5818e-24
16.20689655	4.64159	1.21093e-24
16.20689655	5.01187	5.51602e-25
16.20689655	5.4117	2.45003e-25
16.20689655	5.84341	1.07514e-25
16.20689655	6.30957	4.80715e-26
16.20689655	6.81292	2.30623e-26
16.20689655	7.35642	1.23263e-26
16.20689655	7.94328	7.21168e-27
16.20689655	8.57696	4.42048e-27
16.20689655	9.26119	2.75953e-27
16.20689655	10.0	1.73382e-27
17.06896552	1.0	1.02287e-19
17.06896552	1.07978	6.7358e-20
17.06896552	1.16591	4.39616e-20
17.06896552	1.25893	2.84256e-20
17.06896552	1.35936	1.82007e-20
17.06896552	1.4678	1.1532e-20
17.06896552	1.58489	7.22862e-21
17.06896552	1.71133	4.47752e-21
17.06896552	1.84785	2.73979e-21
17.06896552	1.99526	1.65412e-21
17.06896552	2.15443	9.84596e-22
17.06896552	2.32631	5.77302e-22
17.06896552	2.51189	3.32988e-22
17.06896552	2.71227	1.88715e-22
17.06896552	2.92864	1.04963e-22
17.06896552	3.16228	5.72002e-23
17.06896552	3.41455	3.05048e-23
17.06896552	3.68695	1.58925e-23
17.06896552	3.98107	8.07431e-24
17.06896552	4.29866	3.99404e-24
17.06896552	4.64159	1.92034e-24
17.06896552	5.01187	8.96535e-25
17.06896552	5.4117	4.06545e-25
17.06896552	5.84341	1.79937e-25
17.06896552	6.30957	7.88015e-26
17.06896552	6.81292	3.53219e-26
17.06896552	7.35642	1.70919e-26
17.06896552	7.94328	9.22368e-27
17.06896552	8.57696	5.42798e-27
17.06896552	9.26119	3.33624e-27
17.06896552	10.0	2.08466e-27
17.93103448	1.0	1.19878e-19
17.93103448	1.07978	7.94592e-20
17.93103448	1.16591	5.22156e-20
17.93103448	1.25893	3.40078e-20
17.93103448	1.35936	2.19405e-20
17.93103448	1.4678	1.40172e-20
17.93103448	1.58489	8.86191e-21
17.93103448	1.71133	5.54057e-21
17.93103448	1.84785	3.42388e-21
17.93103448	1.99526	2.08929e-21
17.93103448	2.15443	1.25792e-21
17.93103448	2.32631	7.46595e-22
17.93103448	2.51189	4.36325e-22
17.93103448	2.71227	2.5081e-22
17.93103448	2.92864	1.41639e-22
17.93103448	3.16228	7.84709e-23
17.93103448	3.41455	4.2591e-23
17.93103448	3.68695	2.2612e-23
17.93103448	3.98107	1.17238e-23
17.93103448	4.29866	5.92649e-24
17.93103448	4.64159	2.9161e-24
17.93103448	5.01187	1.39397e-24
17.93103448	5.4117	6.46918e-25
17.93103448	5.84341	2.91754e-25
17.93103448	6.30957	1.28531e-25
17.93103448	6.81292	5.62191e-26
17.93103448	7.35642	2.53628e-26
17.93103448	7.94328	1.24432e-26
17.93103448	8.57696	6.81193e-27
17.93103448	9.26119	4.04354e-27
17.93103448	10.0	2.49407e-27
18.79310345	1.0	1.38774e-19
18.79310345	1.07978	9.25286e-20
18.79310345	1.16591	6.11853e-20
18.79310345	1.25893	4.01115e-20
18.79310345	1.35936	2.60597e-20
18.79310345	1.4678	1.67716e-20
18.79310345	1.58489	1.06866e-20
18.79310345	1.71133	6.73737e-21
18.79310345	1.84785	4.20052e-21
18.79310345	1.99526	2.58796e-21
18.79310345	2.15443	1.57414e-21
18.79310345	2.32631	9.44585e-22
18.79310345	2.51189	5.58559e-22
18.79310345	2.71227	3.25154e-22
18.79310345	2.92864	1.86165e-22
18.79310345	3.16228	1.04662e-22
18.79310345	3.41455	5.7711e-23
18.79310345	3.68695	3.11663e-23
18.79310345	3.98107	1.64579e-23
18.79310345	4.29866	8.48407e-24
18.79310345	4.64159	4.26211e-24
18.79310345	5.01187	2.08287e-24
18.79310345	5.4117	9.88906e-25
18.79310345	5.84341	4.55832e-25
18.79310345	6.30957	2.04182e-25
18.79310345	6.81292	8.95073e-26
18.79310345	7.35642	3.91893e-26
18.79310345	7.94328	1.78632e-26
18.79310345	8.57696	8.934e-27
18.79310345	9.26119	4.98121e-27
18.79310345	10.0	2.98586e-27
19.65517241	1.0	1.5894e-19
19.65517241	1.07978	1.06545e-19
19.65517241	1.16591	7.08585e-20
19.65517241	1.25893	4.67303e-20
19.65517241	1.35936	3.05525e-20
19.65517241	1.4678	1.97945e-20
19.65517241	1.58489	1.27028e-20
19.65517241	1.71133	8.06953e-21
19.65517241	1.84785	5.07159e-21
19.65517241	1.99526	3.15149e-21
19.65517241	2.15443	1.93469e-21
19.65517241	2.32631	1.17254e-21
19.65517241	2.51189	7.00774e-22
19.65517241	2.71227	4.12687e-22
19.65517241	2.92864	2.39165e-22
19.65517241	3.16228	1.36272e-22
19.65517241	3.41455	7.62183e-23
19.65517241	3.68695	4.17938e-23
19.65517241	3.98107	2.2436e-23
19.65517241	4.29866	1.17728e-23
19.65517241	4.64159	6.02814e-24
19.65517241	5.01187	3.00595e-24
19.65517241	5.4117	1.45779e-24
19.65517241	5.84341	6.86617e-25
19.65517241	6.30957	3.13896e-25
19.65517241	6.81292	1.39563e-25
19.65517241	7.35642	6.09422e-26
19.65517241	7.94328	2.67628e-26
19.65517241	8.57696	1.23875e-26
19.65517241	9.26119	6.35413e-27
19.65517241	10.0	3.61433e-27
20.51724138	1.0	1.80302e-19
20.51724138	1.07978	1.21474e-19
20.51724138	1.16591	8.12094e-20
20.51724138	1.25893	5.38543e-20
20.51724138	1.35936	3.54122e-20
20.51724138	1.4678	2.30832e-20
20.51724138	1.58489	1.49091e-20
20.51724138	1.71133	9.53695e-21
20.51724138	1.84785	6.03821e-21
20.51724138	1.99526	3.78163e-21
20.51724138	2.15443	2.34116e-21
20.51724138	2.32631	1.43169e-21
20.51724138	2.51189	8.63976e-22
20.51724138	2.71227	5.14035e-22
20.51724138	2.92864	3.01273e-22
20.51724138	3.16228	1.73713e-22
20.51724138	3.41455	9.84282e-23
20.51724138	3.68695	5.47262e-23
20.51724138	3.98107	2.98194e-23
20.51724138	4.29866	1.59012e-23
20.51724138	4.64159	8.28386e-24
20.51724138	5.01187	4.2079e-24
20.51724138	5.4117	2.08104e-24
20.51724138	5.84341	1.00061e-24
20.51724138	6.30957	4.66944e-25
20.51724138	6.81292	2.1152e-25
20.51724138	7.35642	9.3365e-26
20.51724138	7.94328	4.06355e-26
20.51724138	8.57696	1.79696e-26
20.51724138	9.26119	8.50711e-27
20.51724138	10.0	4.49081e-27
21.37931034	1.0	2.02843e-19
21.37931034	1.07978	1.37291e-19
21.37931034	1.16591	9.22218e-20
21.37931034	1.25893	6.14643e-20
21.37931034	1.35936	4.06344e-20
21.37931034	1.4678	2.66369e-20
21.37931034	1.58489	1.73074e-20
21.37931034	1.71133	1.11402e-20
21.37931034	1.84785	7.10102e-21
21.37931034	1.99526	4.47906e-21
21.37931034	2.15443	2.79418e-21
21.37931034	2.32631	1.72273e-21
21.37931034	2.51189	1.04879e-21
21.37931034	2.71227	6.29946e-22
21.37931034	2.92864	3.72943e-22
21.37931034	3.16228	2.174e-22
21.37931034	3.41455	1.24633e-22
21.37931034	3.68695	7.01811e-23
21.37931034	3.98107	3.87646e-23
21.37931034	4.29866	2.09761e-23
21.37931034	4.64159	1.10996e-23
21.37931034	5.01187	5.73409e-24
21.37931034	5.4117	2.88775e-24
21.37931034	5.84341	1.41522e-24
21.37931034	6.30957	6.73695e-25
21.37931034	6.81292	3.11121e-25
21.37931034	7.35642	1.39655e-25
21.37931034	7.94328	6.11839e-26
21.37931034	8.57696	2.66094e-26
21.37931034	9.26119	1.19219e-26
21.37931034	10.0	5.80898e-27
22.24137931	1.0	2.26491e-19
22.24137931	1.07978	1.53953e-19
22.24137931	1.16591	1.03875e-19
22.24137931	1.25893	6.95594e-20
22.24137931	1.35936	4.62097e-20
22.24137931	1.4678	3.04499e-20
22.24137931	1.58489	1.98929e-20
22.24137931	1.71133	1.28795e-20
22.24137931	1.84785	8.26023e-21
22.24137931	1.99526	5.24433e-21
22.24137931	2.15443	3.29475e-21
22.24137931	2.32631	2.04648e-21
22.24137931	2.51189	1.25604e-21
22.24137931	2.71227	7.60928e-22
22.24137931	2.92864	4.54706e-22
22.24137931	3.16228	2.67706e-22
22.24137931	3.41455	1.55125e-22
22.24137931	3.68695	8.8364e-23
22.24137931	3.98107	4.94167e-23
22.24137931	4.29866	2.70989e-23
22.24137931	4.64159	1.45458e-23
22.24137931	5.01187	7.63266e-24
22.24137931	5.4117	3.90705e-24
22.24137931	5.84341	1.94921e-24
22.24137931	6.30957	9.4538e-25
22.24137931	6.81292	4.45199e-25
22.24137931	7.35642	2.03457e-25
22.24137931	7.94328	9.03909e-26
22.24137931	8.57696	3.93538e-26
22.24137931	9.26119	1.71651e-26
22.24137931	10.0	7.84832e-27
23.10344828	1.0	2.51224e-19
23.10344828	1.07978	1.71431e-19
23.10344828	1.16591	1.16145e-19
23.10344828	1.25893	7.81154e-20
23.10344828	1.35936	5.21325e-20
23.10344828	1.4678	3.45179e-20
23.10344828	1.58489	2.26637e-20
23.10344828	1.71133	1.47523e-20
23.10344828	1.84785	9.51496e-21
23.10344828	1.99526	6.07808e-21
23.10344828	2.15443	3.84305e-21
23.10344828	2.32631	2.40364e-21
23.10344828	2.51189	1.48603e-21
23.10344828	2.71227	9.07514e-22
23.10344828	2.92864	5.46906e-22
23.10344828	3.16228	3.24928e-22
23.10344828	3.41455	1.90154e-22
23.10344828	3.68695	1.09454e-22
23.10344828	3.98107	6.19149e-23
23.10344828	4.29866	3.43675e-23
23.10344828	4.64159	1.86929e-23
23.10344828	5.01187	9.94912e-24
23.10344828	5.4117	5.17079e-24
23.10344828	5.84341	2.62209e-24
23.10344828	6.30957	1.29406e-24
23.10344828	6.81292	6.20525e-25
23.10344828	7.35642	2.88822e-25
23.10344828	7.94328	1.30517e-25
23.10344828	8.57696	5.74147e-26
23.10344828	9.26119	2.48917e-26
23.10344828	10.0	1.09599e-26
23.96551724	1.0	2.76971e-19
23.96551724	1.07978	1.89694e-19
23.96551724	1.16591	1.2902e-19
23.96551724	1.25893	8.7125e-20
23.96551724	1.35936	5.83946e-20
23.96551724	1.4678	3.88365e-20
23.96551724	1.58489	2.56206e-20
23.96551724	1.71133	1.67596e-20
23.96551724	1.84785	1.08663e-20
23.96551724	1.99526	6.98009e-21
23.96551724	2.15443	4.43955e-21
23.96551724	2.32631	2.7946e-21
23.96551724	2.51189	1.73954e-21
23.96551724	2.71227	1.07004e-21
23.96551724	2.92864	6.49903e-22
23.96551724	3.16228	3.8939e-22
23.96551724	3.41455	2.29915e-22
23.96551724	3.68695	1.33648e-22
23.96551724	3.98107	7.63962e-23
23.96551724	4.29866	4.28853e-23
23.96551724	4.64159	2.36083e-23
23.96551724	5.01187	1.27317e-23
23.96551724	5.4117	6.71026e-24
23.96551724	5.84341	3.45425e-24
23.96551724	6.30957	1.73213e-24
23.96551724	6.81292	8.44984e-25
23.96551724	7.35642	4.00374e-25
23.96551724	7.94328	1.8407e-25
23.96551724	8.57696	8.21807e-26
23.96551724	9.26119	3.58411e-26
23.96551724	10.0	1.5537e-26
24.82758621	1.0	3.03691e-19
24.82758621	1.07978	2.08718e-19
24.82758621	1.16591	1.42468e-19
24.82758621	1.25893	9.65767e-20
24.82758621	1.35936	6.49853e-20
24.82758621	1.4678	4.33993e-20
24.82758621	1.58489	2.87574e-20
24.82758621	1.71133	1.88974e-20
24.82758621	1.84785	1.23127e-20
24.82758621	1.99526	7.95029e-21
24.82758621	2.15443	5.08499e-21
24.82758621	2.32631	3.21944e-21
24.82758621	2.51189	2.01661e-21
24.82758621	2.71227	1.24879e-21
24.82758621	2.92864	7.63965e-22
24.82758621	3.16228	4.61325e-22
24.82758621	3.41455	2.74651e-22
24.82758621	3.68695	1.61087e-22
24.82758621	3.98107	9.29797e-23
24.82758621	4.29866	5.27382e-23
24.82758621	4.64159	2.93616e-23
24.82758621	5.01187	1.60221e-23
24.82758621	5.4117	8.55045e-24
24.82758621	5.84341	4.46522e-24
24.82758621	6.30957	2.27313e-24
24.82758621	6.81292	1.12637e-24
24.82758621	7.35642	5.42764e-25
24.82758621	7.94328	2.53878e-25
24.82758621	8.57696	1.15193e-25
24.82758621	9.26119	5.08447e-26
24.82758621	10.0	2.20272e-26
25.68965517	1.0	3.31363e-19
25.68965517	1.07978	2.28458e-19
25.68965517	1.16591	1.5648e-19
25.68965517	1.25893	1.06448e-19
25.68965517	1.35936	7.18911e-20
25.68965517	1.4678	4.82027e-20
25.68965517	1.58489	3.20708e-20
25.68965517	1.71133	2.11662e-20
25.68965517	1.84785	1.38541e-20
25.68965517	1.99526	8.98852e-21
25.68965517	2.15443	5.77837e-21
25.68965517	2.32631	3.67834e-21
25.68965517	2.51189	2.31768e-21
25.68965517	2.71227	1.44416e-21
25.68965517	2.92864	8.89404e-22
25.68965517	3.16228	5.40896e-22
25.68965517	3.41455	3.24545e-22
25.68965517	3.68695	1.91946e-22
25.68965517	3.98107	1.11771e-22
25.68965517	4.29866	6.40104e-23
25.68965517	4.64159	3.60082e-23
25.68965517	5.01187	1.9868e-23
25.68965517	5.4117	1.07343e-23
25.68965517	5.84341	5.67656e-24
25.68965517	6.30957	2.92987e-24
25.68965517	6.81292	1.47385e-24
25.68965517	7.35642	7.21277e-25
25.68965517	7.94328	3.42902e-25
25.68965517	8.57696	1.58189e-25
25.68965517	9.26119	7.0843e-26
25.68965517	10.0	3.0932e-26
26.55172414	1.0	3.59915e-19
26.55172414	1.07978	2.48912e-19
26.55172414	1.16591	1.71026e-19
26.55172414	1.25893	1.16729e-19
26.55172414	1.35936	7.91139e-20
26.55172414	1.4678	5.32372e-20
26.55172414	1.58489	3.55568e-20
26.55172414	1.71133	2.3563e-20
26.55172414	1.84785	1.54892e-20
26.55172414	1.99526	1.00948e-20
26.55172414	2.15443	6.52031e-21
26.55172414	2.32631	4.17174e-21
26.55172414	2.51189	2.64288e-21
26.55172414	2.71227	1.65642e-21
26.55172414	2.92864	1.02648e-21
26.55172414	3.16228	6.2842e-22
26.55172414	3.41455	3.79754e-22
26.55172414	3.68695	2.2632e-22
26.55172414	3.98107	1.32891e-22
26.55172414	4.29866	7.67788e-23
26.55172414	4.64159	4.36083e-23
26.55172414	5.01187	2.43124e-23
26.55172414	5.4117	1.32796e-23
26.55172414	5.84341	7.10871e-24
26.55172414	6.30957	3.7162e-24
26.55172414	6.81292	1.89485e-24
26.55172414	7.35642	9.41049e-25
26.55172414	7.94328	4.54564e-25
26.55172414	8.57696	2.13088e-25
26.55172414	9.26119	9.68978e-26
26.55172414	10.0	4.2825e-26
27.4137931	1.0	3.89314e-19
27.4137931	1.07978	2.70014e-19
27.4137931	1.16591	1.86082e-19
27.4137931	1.25893	1.27409e-19
27.4137931	1.35936	8.66317e-20
27.4137931	1.4678	5.85007e-20
27.4137931	1.58489	3.92144e-20
27.4137931	1.71133	2.60842e-20
27.4137931	1.84785	1.72147e-20
27.4137931	1.99526	1.12676e-20
27.4137931	2.15443	7.31014e-21
27.4137931	2.32631	4.69954e-21
27.4137931	2.51189	2.99231e-21
27.4137931	2.71227	1.8855e-21
27.4137931	2.92864	1.17526e-21
27.4137931	3.16228	7.23978e-22
27.4137931	3.41455	4.40403e-22
27.4137931	3.68695	2.64361e-22
27.4137931	3.98107	1.56415e-22
27.4137931	4.29866	9.11245e-23
27.4137931	4.64159	5.22187e-23
27.4137931	5.01187	2.93926e-23
27.4137931	5.4117	1.62236e-23
27.4137931	5.84341	8.78011e-24
27.4137931	6.30957	4.64495e-24
27.4137931	6.81292	2.39939e-24
27.4137931	7.35642	1.20644e-24
27.4137931	7.94328	5.92109e-25
27.4137931	8.57696	2.81856e-25
27.4137931	9.26119	1.30165e-25
27.4137931	10.0	5.83333e-26
28.27586207	1.0	4.19548e-19
28.27586207	1.07978	2.91772e-19
28.27586207	1.16591	2.0164e-19
28.27586207	1.25893	1.38472e-19
28.27586207	1.35936	9.44536e-20
28.27586207	1.4678	6.39887e-20
28.27586207	1.58489	4.30381e-20
28.27586207	1.71133	2.87296e-20
28.27586207	1.84785	1.90323e-20
28.27586207	1.99526	1.25063e-20
28.27586207	2.15443	8.14822e-21
28.27586207	2.32631	5.26143e-21
28.27586207	2.51189	3.36561e-21
28.27586207	2.71227	2.13171e-21
28.27586207	2.92864	1.33593e-21
28.27586207	3.16228	8.27753e-22
28.27586207	3.41455	5.06674e-22
28.27586207	3.68695	3.06149e-22
28.27586207	3.98107	1.8245e-22
28.27586207	4.29866	1.0712e-22
28.27586207	4.64159	6.18922e-23
28.27586207	5.01187	3.51525e-23
28.27586207	5.4117	1.95912e-23
28.27586207	5.84341	1.07129e-23
28.27586207	6.30957	5.73108e-24
28.27586207	6.81292	2.99581e-24
28.27586207	7.35642	1.52629e-24
28.27586207	7.94328	7.5927e-25
28.27586207	8.57696	3.66676e-25
28.27586207	9.26119	1.71911e-25
28.27586207	10.0	7.81479e-26
29.13793103	1.0	4.5057e-19
29.13793103	1.07978	3.14138e-19
29.13793103	1.16591	2.17686e-19
29.13793103	1.25893	1.49912e-19
29.13793103	1.35936	1.02556e-19
29.13793103	1.4678	6.96901e-20
29.13793103	1.58489	4.70239e-20
29.13793103	1.71133	3.1496e-20
29.13793103	1.84785	2.09395e-20
29.13793103	1.99526	1.38112e-20
29.13793103	2.15443	9.0332e-21
29.13793103	2.32631	5.85754e-21
29.13793103	2.51189	3.76407e-21
29.13793103	2.71227	2.39515e-21
29.13793103	2.92864	1.5086e-21
29.13793103	3.16228	9.39778e-22
29.13793103	3.41455	5.78599e-22
29.13793103	3.68695	3.51839e-22
29.13793103	3.98107	2.11067e-22
29.13793103	4.29866	1.2481e-22
29.13793103	4.64159	7.26803e-23
29.13793103	5.01187	4.16228e-23
29.13793103	5.4117	2.34066e-23
29.13793103	5.84341	1.29227e-23
29.13793103	6.30957	6.98502e-24
29.13793103	6.81292	3.69258e-24
29.13793103	7.35642	1.90639e-24
29.13793103	7.94328	9.59478e-25
29.13793103	8.57696	4.69846e-25
29.13793103	9.26119	2.23454e-25
29.13793103	10.0	1.0311e-25
30.0	1.0	4.82326e-19
30.0	1.07978	3.37105e-19
30.0	1.16591	2.34185e-19
30.0	1.25893	1.61702e-19
30.0	1.35936	1.10932e-19
30.0	1.4678	7.56029e-20
30.0	1.58489	5.11676e-20
30.0	1.71133	3.43829e-20
30.0	1.84785	2.29339e-20
30.0	1.99526	1.51795e-20
30.0	2.15443	9.96633e-21
30.0	2.32631	6.48753e-21
30.0	2.51189	4.18629e-21
30.0	2.71227	2.67574e-21
30.0	2.92864	1.69346e-21
30.0	3.16228	1.06021e-21
30.0	3.41455	6.56335e-22
30.0	3.68695	4.0141e-22
30.0	3.98107	2.42337e-22
30.0	4.29866	1.44263e-22
30.0	4.64159	8.46132e-23
30.0	5.01187	4.88398e-23
30.0	5.4117	2.77045e-23
30.0	5.84341	1.54298e-23
30.0	6.30957	8.42302e-24
30.0	6.81292	4.49951e-24
30.0	7.35642	2.34786e-24
30.0	7.94328	1.1968e-24
30.0	8.57696	5.93686e-25
30.0	9.26119	2.86276e-25
30.0	10.0	1.33954e-25
5.0	1.0	8.67175e-23
5.0	1.07978	4.11497e-23
5.0	1.16591	1.97168e-23
5.0	1.25893	9.80462e-24
5.0	1.35936	5.19655e-24
5.0	1.4678	2.95735e-24
5.0	1.58489	1.78071e-24
5.0	1.71133	1.10933e-24
5.0	1.84785	7.02448e-25
5.0	1.99526	4.46988e-25
5.0	2.15443	2.84058e-25
5.0	2.32631	1.79782e-25
5.0	2.51189	1.13347e-25
5.0	2.71227	7.13089e-26
5.0	2.92864	4.48561e-26
5.0	3.16228	2.82509e-26
5.0	3.41455	1.78138e-26
5.0	3.68695	1.1238e-26
5.0	3.98107	7.08935e-27
5.0	4.29866	4.47148e-27
5.0	4.64159	2.81999e-27
5.0	5.01187	1.77866e-27
5.0	5.4117	1.12189e-27
5.0	5.84341	7.07544e-28
5.0	6.30957	4.46208e-28
5.0	6.81292	2.81304e-28
5.0	7.35642	1.77309e-28
5.0	7.94328	1.11686e-28
5.0	8.57696	7.02759e-29
5.86206897	1.0	3.63326e-22
5.86206897	1.07978	1.79887e-22
5.86206897	1.16591	8.69294e-23
5.86206897	1.25893	4.11318e-23
5.86206897	1.35936	1.92112e-23
5.86206897	1.4678	9.01491e-24
5.86206897	1.58489	4.38246e-24
5.86206897	1.71133	2.28453e-24
5.86206897	1.84785	1.29478e-24
5.86206897	1.99526	7.82582e-25
5.86206897	2.15443	4.89953e-25
5.86206897	2.32631	3.10696e-25
5.86206897	2.51189	1.97307e-25
5.86206897	2.71227	1.24887e-25
5.86206897	2.92864	7.87486e-26
5.86206897	3.16228	4.9545e-26
5.86206897	3.41455	3.11676e-26
5.86206897	3.68695	1.96274e-26
5.86206897	3.98107	1.2375e-26
5.86206897	4.29866	7.80687e-27
5.86206897	4.64159	4.92488e-27
5.86206897	5.01187	3.10628e-27
5.86206897	5.4117	1.95912e-27
5.86206897	5.84341	1.23561e-27
5.86206897	6.30957	7.79303e-28
5.86206897	6.81292	4.91543e-28
5.86206897	7.35642	3.09991e-28
5.86206897	7.94328	1.95439e-28
5.86206897	8.57696	1.23182e-28
5.86206897	9.26119	7.75989e-29
6.72413793	1.0	1.07042e-21
6.72413793	1.07978	5.61783e-22
6.72413793	1.16591	2.87799e-22
6.72413793	1.25893	1.43773e-22
6.72413793	1.35936	7.00046e-23
6.72413793	1.4678	3.32494e-23
6.72413793	1.58489	1.54667e-23
6.72413793	1.71133	7.1251e-24
6.72413793	1.84785	3.32871e-24
6.72413793	1.99526	1.63889e-24
6.72413793	2.15443	8.80643e-25
6.72413793	2.32631	5.15518e-25
6.72413793	2.51189	3.18196e-25
6.72413793	2.71227	2.00719e-25
6.72413793	2.92864	1.27166e-25
6.72413793	3.16228	8.03803e-26
6.72413793	3.41455	5.06473e-26
6.72413793	3.68695	3.18625e-26
6.72413793	3.98107	2.00462e-26
6.72413793	4.29866	1.26272e-26
6.72413793	4.64159	7.96268e-27
6.72413793	5.01187	5.02359e-27
6.72413793	5.4117	3.16899e-27
6.72413793	5.84341	1.99866e-27
6.72413793	6.30957	1.26057e-27
6.72413793	6.81292	7.94811e-28
6.72413793	7.35642	5.01468e-28
6.72413793	7.94328	3.16272e-28
6.72413793	8.57696	1.99445e-28
6.72413793	9.26119	1.25744e-28
6.72413793	10.0	7.92454e-29
7.5862069	1.0	2.4594e-21
7.5862069	1.07978	1.35151e-21
7.5862069	1.16591	7.27095e-22
7.5862069	1.25893	3.82369e-22
7.5862069	1.35936	1.9629e-22
7.5862069	1.4678	9.82325e-23
7.5862069	1.58489	4.78824e-23
7.5862069	1.71133	2.27379e-23
7.5862069	1.84785	1.05451e-23
7.5862069	1.99526	4.81647e-24
7.5862069	2.15443	2.21219e-24
7.5862069	2.32631	1.06089e-24
7.5862069	2.51189	5.54642e-25
7.5862069	2.71227	3.18671e-25
7.5862069	2.92864	1.94985e-25
7.5862069	3.16228	1.22449e-25
7.5862069	3.41455	7.73756e-26
7.5862069	3.68695	4.88109e-26
7.5862069	3.98107	3.07222e-26
7.5862069	4.29866	1.9322e-26
7.5862069	4.64159	1.21618e-26
7.5862069	5.01187	7.66511e-27
7.5862069	5.4117	4.83498e-27
7.5862069	5.84341	3.05022e-27
7.5862069	6.30957	1.92397e-27
7.5862069	6.81292	1.21345e-27
7.5862069	7.35642	7.65341e-28
7.5862069	7.94328	4.82726e-28
7.5862069	8.57696	3.04463e-28
7.5862069	9.26119	1.92015e-28
7.5862069	10.0	1.21076e-28
8.44827586	1.0	4.7664e-21
8.44827586	1.07978	2.71452e-21
8.44827586	1.16591	1.51723e-21
8.44827586	1.25893	8.31211e-22
8.44827586	1.35936	4.45692e-22
8.44827586	1.4678	2.33552e-22
8.44827586	1.58489	1.19426e-22
8.44827586	1.71133	5.95093e-23
8.44827586	1.84785	2.88685e-23
8.44827586	1.99526	1.36312e-23
8.44827586	2.15443	6.28143e-24
8.44827586	2.32631	2.84836e-24
8.44827586	2.51189	1.29825e-24
8.44827586	2.71227	6.19097e-25
8.44827586	2.92864	3.23115e-25
8.44827586	3.16228	1.85772e-25
8.44827586	3.41455	1.13722e-25
8.44827586	3.68695	7.13052e-26
8.44827586	3.98107	4.49361e-26
8.44827586	4.29866	2.82899e-26
8.44827586	4.64159	1.77916e-26
8.44827586	5.01187	1.11936e-26
8.44827586	5.4117	7.05104e-27
8.44827586	5.84341	4.44613e-27
8.44827586	6.30957	2.80502e-27
8.44827586	6.81292	1.76922e-27
8.44827586	7.35642	1.11606e-27
8.44827586	7.94328	7.03925e-28
8.44827586	8.57696	4.43972e-28
8.44827586	9.26119	2.80035e-28
8.44827586	10.0	1.76618e-28
9.31034483	1.0	8.18812e-21
9.31034483	1.07978	4.79681e-21
9.31034483	1.16591	2.76364e-21
9.31034483	1.25893	1.56401e-21
9.31034483	1.35936	8.68316e-22
9.31034483	1.4678	4.72279e-22
9.31034483	1.58489	2.51291e-22
9.31034483	1.71133	1.30603e-22
9.31034483	1.84785	6.61966e-23
9.31034483	1.99526	3.26727e-23
9.31034483	2.15443	1.56915e-23
9.31034483	2.32631	7.33355e-24
9.31034483	2.51189	3.34623e-24
9.31034483	2.71227	1.50602e-24
9.31034483	2.92864	6.86432e-25
9.31034483	3.16228	3.31171e-25
9.31034483	3.41455	1.76668e-25
9.31034483	3.68695	1.03361e-25
9.31034483	3.98107	6.3665e-26
9.31034483	4.29866	3.99182e-26
9.31034483	4.64159	2.51087e-26
9.31034483	5.01187	1.57883e-26
9.31034483	5.4117	9.92985e-27
9.31034483	5.84341	6.2528e-27
9.31034483	6.30957	3.94215e-27
9.31034483	6.81292	2.48689e-27
9.31034483	7.35642	1.5687e-27
9.31034483	7.94328	9.89568e-28
9.31034483	8.57696	6.24074e-28
9.31034483	9.26119	3.93639e-28
9.31034483	10.0	2.48284e-28