r0[m]	z0[m]	Noise[Hz^-1/2]
10.0	0.01	5	1.32613e-24
10.0	0.01	5.83333	1.88595e-24
10.0	0.01	6.66667	2.5209e-24
10.0	0.01	7.5	3.2319e-24
10.0	0.01	8.33333	4.02164e-24
10.0	0.01	9.16667	4.89146e-24
10.0	0.01	10	5.84321e-24
10.0	0.01	10.8333	6.88101e-24
10.0	0.01	11.6667	8.01692e-24
10.0	0.01	12.5	9.29608e-24
10.0	0.01	13.3333	1.08667e-23
10.0	0.01	14.1667	1.30926e-23
10.0	0.01	15	1.66825e-23
10.0	0.01	15.8333	2.26587e-23
10.0	0.01	16.6667	3.21737e-23
10.0	0.01	17.5	4.63527e-23
10.0	0.01	18.3333	6.63769e-23
10.0	0.01	19.1667	9.34605e-23
10.0	0.01	20	1.28822e-22
10.0	0.01	20.8333	1.73861e-22
10.0	0.01	21.6667	2.29948e-22
10.0	0.01	22.5	2.98461e-22
10.0	0.01	23.3333	3.80782e-22
10.0	0.01	24.1667	4.78382e-22
10.0	0.01	25	5.92465e-22
10.0	0.01	25.8333	7.24476e-22
10.0	0.01	26.6667	8.75659e-22
10.0	0.01	27.5	1.04714e-21
10.0	0.01	28.3333	1.24032e-21
10.0	0.01	29.1667	1.45588e-21
10.0	0.01	30	1.69521e-21
100.0	0.01	5	1.32768e-25
100.0	0.01	5.83333	1.88768e-25
100.0	0.01	6.66667	2.52232e-25
100.0	0.01	7.5	3.2315e-25
100.0	0.01	8.33333	4.0152e-25
100.0	0.01	9.16667	4.88117e-25
100.0	0.01	10	5.82595e-25
100.0	0.01	10.8333	6.8482e-25
100.0	0.01	11.6667	7.95108e-25
100.0	0.01	12.5	9.13397e-25
100.0	0.01	13.3333	1.03962e-24
100.0	0.01	14.1667	1.17235e-24
100.0	0.01	15	1.31667e-24
100.0	0.01	15.8333	1.46448e-24
100.0	0.01	16.6667	1.62631e-24
100.0	0.01	17.5	1.7932e-24
100.0	0.01	18.3333	1.96556e-24
100.0	0.01	19.1667	2.1513e-24
100.0	0.01	20	2.34023e-24
100.0	0.01	20.8333	2.53977e-24
100.0	0.01	21.6667	2.74818e-24
100.0	0.01	22.5	2.9617e-24
100.0	0.01	23.3333	3.18767e-24
100.0	0.01	24.1667	3.42103e-24
100.0	0.01	25	3.65682e-24
100.0	0.01	25.8333	3.90961e-24
100.0	0.01	26.6667	4.16378e-24
100.0	0.01	27.5	4.42851e-24
100.0	0.01	28.3333	4.70352e-24
100.0	0.01	29.1667	4.98443e-24
100.0	0.01	30	5.27226e-24
20.0	0.01	5	6.6335e-25
20.0	0.01	5.83333	9.43159e-25
20.0	0.01	6.66667	1.26025e-24
20.0	0.01	7.5	1.61481e-24
20.0	0.01	8.33333	2.00827e-24
20.0	0.01	9.16667	2.44069e-24
20.0	0.01	10	2.91277e-24
20.0	0.01	10.8333	3.42494e-24
20.0	0.01	11.6667	3.9777e-24
20.0	0.01	12.5	4.57115e-24
20.0	0.01	13.3333	5.20577e-24
20.0	0.01	14.1667	5.88204e-24
20.0	0.01	15	6.59982e-24
20.0	0.01	15.8333	7.35959e-24
20.0	0.01	16.6667	8.1619e-24
20.0	0.01	17.5	9.00645e-24
20.0	0.01	18.3333	9.89554e-24
20.0	0.01	19.1667	1.08323e-23
20.0	0.01	20	1.18202e-23
20.0	0.01	20.8333	1.28751e-23
20.0	0.01	21.6667	1.40241e-23
20.0	0.01	22.5	1.53161e-23
20.0	0.01	23.3333	1.68368e-23
20.0	0.01	24.1667	1.87362e-23
20.0	0.01	25	2.12049e-23
20.0	0.01	25.8333	2.45254e-23
20.0	0.01	26.6667	2.8996e-23
20.0	0.01	27.5	3.49692e-23
20.0	0.01	28.3333	4.27991e-23
20.0	0.01	29.1667	5.27942e-23
20.0	0.01	30	6.53411e-23
30.0	0.01	5	4.4234e-25
30.0	0.01	5.83333	6.28926e-25
30.0	0.01	6.66667	8.40349e-25
30.0	0.01	7.5	1.07673e-24
30.0	0.01	8.33333	1.33889e-24
30.0	0.01	9.16667	1.62692e-24
30.0	0.01	10	1.94144e-24
30.0	0.01	10.8333	2.28232e-24
30.0	0.01	11.6667	2.65021e-24
30.0	0.01	12.5	3.04488e-24
30.0	0.01	13.3333	3.46622e-24
30.0	0.01	14.1667	3.91567e-24
30.0	0.01	15	4.39196e-24
30.0	0.01	15.8333	4.8953e-24
30.0	0.01	16.6667	5.42679e-24
30.0	0.01	17.5	5.98531e-24
30.0	0.01	18.3333	6.57133e-24
30.0	0.01	19.1667	7.18581e-24
30.0	0.01	20	7.82673e-24
30.0	0.01	20.8333	8.49713e-24
30.0	0.01	21.6667	9.19575e-24
30.0	0.01	22.5	9.92243e-24
30.0	0.01	23.3333	1.06756e-23
30.0	0.01	24.1667	1.14611e-23
30.0	0.01	25	1.22734e-23
30.0	0.01	25.8333	1.3118e-23
30.0	0.01	26.6667	1.39912e-23
30.0	0.01	27.5	1.49035e-23
30.0	0.01	28.3333	1.58584e-23
30.0	0.01	29.1667	1.68625e-23
30.0	0.01	30	1.79342e-23
40.0	0.01	5	3.31807e-25
40.0	0.01	5.83333	4.71774e-25
40.0	0.01	6.66667	6.30351e-25
40.0	0.01	7.5	8.07657e-25
40.0	0.01	8.33333	1.00426e-24
40.0	0.01	9.16667	1.21998e-24
40.0	0.01	10	1.45616e-24
40.0	0.01	10.8333	1.71147e-24
40.0	0.01	11.6667	1.98751e-24
40.0	0.01	12.5	2.28332e-24
40.0	0.01	13.3333	2.59876e-24
40.0	0.01	14.1667	2.93572e-24
40.0	0.01	15	3.29245e-24
40.0	0.01	15.8333	3.669e-24
40.0	0.01	16.6667	4.06716e-24
40.0	0.01	17.5	4.48507e-24
40.0	0.01	18.3333	4.92332e-24
40.0	0.01	19.1667	5.38266e-24
40.0	0.01	20	5.86089e-24
40.0	0.01	20.8333	6.36193e-24
40.0	0.01	21.6667	6.88364e-24
40.0	0.01	22.5	7.42558e-24
40.0	0.01	23.3333	7.98653e-24
40.0	0.01	24.1667	8.57194e-24
40.0	0.01	25	9.17531e-24
40.0	0.01	25.8333	9.80196e-24
40.0	0.01	26.6667	1.04464e-23
40.0	0.01	27.5	1.1115e-23
40.0	0.01	28.3333	1.18058e-23
40.0	0.01	29.1667	1.25162e-23
40.0	0.01	30	1.32483e-23
5.0	0.01	5	2.65436e-24
5.0	0.01	5.83333	3.77988e-24
5.0	0.01	6.66667	5.06713e-24
5.0	0.01	7.5	6.60098e-24
5.0	0.01	8.33333	8.9446e-24
5.0	0.01	9.16667	1.40729e-23
5.0	0.01	10	2.5434e-23
5.0	0.01	10.8333	4.6759e-23
5.0	0.01	11.6667	8.18667e-23
5.0	0.01	12.5	1.34831e-22
5.0	0.01	13.3333	2.0989e-22
5.0	0.01	14.1667	3.11259e-22
5.0	0.01	15	4.42949e-22
5.0	0.01	15.8333	6.08819e-22
5.0	0.01	16.6667	8.12244e-22
5.0	0.01	17.5	1.05639e-21
5.0	0.01	18.3333	1.34405e-21
5.0	0.01	19.1667	1.67739e-21
5.0	0.01	20	2.05868e-21
5.0	0.01	20.8333	2.48918e-21
5.0	0.01	21.6667	2.97084e-21
5.0	0.01	22.5	3.50455e-21
5.0	0.01	23.3333	4.09068e-21
5.0	0.01	24.1667	4.73021e-21
5.0	0.01	25	5.42346e-21
5.0	0.01	25.8333	6.16999e-21
5.0	0.01	26.6667	6.97062e-21
5.0	0.01	27.5	7.82455e-21
5.0	0.01	28.3333	8.73214e-21
5.0	0.01	29.1667	9.69206e-21
5.0	0.01	30	1.07044e-20
50.0	0.01	5	2.65471e-25
50.0	0.01	5.83333	3.77454e-25
50.0	0.01	6.66667	5.0433e-25
50.0	0.01	7.5	6.46183e-25
50.0	0.01	8.33333	8.03456e-25
50.0	0.01	9.16667	9.75843e-25
50.0	0.01	10	1.16499e-24
50.0	0.01	10.8333	1.36914e-24
50.0	0.01	11.6667	1.59005e-24
50.0	0.01	12.5	1.82663e-24
50.0	0.01	13.3333	2.07895e-24
50.0	0.01	14.1667	2.34826e-24
50.0	0.01	15	2.63359e-24
50.0	0.01	15.8333	2.9343e-24
50.0	0.01	16.6667	3.25295e-24
50.0	0.01	17.5	3.58697e-24
50.0	0.01	18.3333	3.93684e-24
50.0	0.01	19.1667	4.30414e-24
50.0	0.01	20	4.6855e-24
50.0	0.01	20.8333	5.08578e-24
50.0	0.01	21.6667	5.50256e-24
50.0	0.01	22.5	5.93515e-24
50.0	0.01	23.3333	6.38251e-24
50.0	0.01	24.1667	6.84981e-24
50.0	0.01	25	7.33048e-24
50.0	0.01	25.8333	7.83059e-24
50.0	0.01	26.6667	8.34376e-24
50.0	0.01	27.5	8.87646e-24
50.0	0.01	28.3333	9.42668e-24
50.0	0.01	29.1667	9.992e-24
50.0	0.01	30	1.05741e-23
10.0	0.1	5	2.22554e-25
10.0	0.1	5.83333	3.73863e-25
10.0	0.1	6.66667	5.9669e-25
10.0	0.1	7.5	9.26415e-25
10.0	0.1	8.33333	1.39719e-24
10.0	0.1	9.16667	2.03693e-24
10.0	0.1	10	2.88218e-24
10.0	0.1	10.8333	4.04058e-24
10.0	0.1	11.6667	5.85314e-24
10.0	0.1	12.5	9.05319e-24
10.0	0.1	13.3333	1.48053e-23
10.0	0.1	14.1667	2.44812e-23
10.0	0.1	15	3.96203e-23
10.0	0.1	15.8333	6.19156e-23
10.0	0.1	16.6667	9.32044e-23
10.0	0.1	17.5	1.3543e-22
10.0	0.1	18.3333	1.90624e-22
10.0	0.1	19.1667	2.60787e-22
10.0	0.1	20	3.4798e-22
10.0	0.1	20.8333	4.54215e-22
10.0	0.1	21.6667	5.81304e-22
10.0	0.1	22.5	7.31192e-22
10.0	0.1	23.3333	9.05542e-22
10.0	0.1	24.1667	1.10601e-21
10.0	0.1	25	1.33413e-21
10.0	0.1	25.8333	1.59122e-21
10.0	0.1	26.6667	1.87862e-21
10.0	0.1	27.5	2.19791e-21
10.0	0.1	28.3333	2.54958e-21
10.0	0.1	29.1667	2.93499e-21
10.0	0.1	30	3.35486e-21
100.0	0.1	5	2.2576e-26
100.0	0.1	5.83333	3.79028e-26
100.0	0.1	6.66667	6.04065e-26
100.0	0.1	7.5	9.35579e-26
100.0	0.1	8.33333	1.39148e-25
100.0	0.1	9.16667	1.71194e-25
100.0	0.1	10	2.83973e-25
100.0	0.1	10.8333	3.76002e-25
100.0	0.1	11.6667	5.09715e-25
100.0	0.1	12.5	6.50432e-25
100.0	0.1	13.3333	8.23033e-25
100.0	0.1	14.1667	1.01538e-24
100.0	0.1	15	1.23762e-24
100.0	0.1	15.8333	1.49065e-24
100.0	0.1	16.6667	1.77489e-24
100.0	0.1	17.5	2.09045e-24
100.0	0.1	18.3333	2.44253e-24
100.0	0.1	19.1667	2.8217e-24
100.0	0.1	20	3.2393e-24
100.0	0.1	20.8333	3.69026e-24
100.0	0.1	21.6667	4.16796e-24
100.0	0.1	22.5	4.6732e-24
100.0	0.1	23.3333	5.19926e-24
100.0	0.1	24.1667	5.75978e-24
100.0	0.1	25	6.32968e-24
100.0	0.1	25.8333	6.94385e-24
100.0	0.1	26.6667	7.56395e-24
100.0	0.1	27.5	8.20232e-24
100.0	0.1	28.3333	8.88033e-24
100.0	0.1	29.1667	9.56481e-24
100.0	0.1	30	1.02684e-23
20.0	0.1	5	1.12114e-25
20.0	0.1	5.83333	1.88203e-25
20.0	0.1	6.66667	3.00024e-25
20.0	0.1	7.5	4.65134e-25
20.0	0.1	8.33333	7.0049e-25
20.0	0.1	9.16667	1.01858e-24
20.0	0.1	10	1.42791e-24
20.0	0.1	10.8333	1.93383e-24
20.0	0.1	11.6667	2.54505e-24
20.0	0.1	12.5	3.26087e-24
20.0	0.1	13.3333	4.10311e-24
20.0	0.1	14.1667	5.07115e-24
20.0	0.1	15	6.1817e-24
20.0	0.1	15.8333	7.44882e-24
20.0	0.1	16.6667	8.88603e-24
20.0	0.1	17.5	1.05079e-23
20.0	0.1	18.3333	1.23655e-23
20.0	0.1	19.1667	1.45181e-23
20.0	0.1	20	1.70906e-23
20.0	0.1	20.8333	2.02887e-23
20.0	0.1	21.6667	2.44524e-23
20.0	0.1	22.5	2.99949e-23
20.0	0.1	23.3333	3.73978e-23
20.0	0.1	24.1667	4.72573e-23
20.0	0.1	25	6.01218e-23
20.0	0.1	25.8333	7.65883e-23
20.0	0.1	26.6667	9.72667e-23
20.0	0.1	27.5	1.22754e-22
20.0	0.1	28.3333	1.53723e-22
20.0	0.1	29.1667	1.90745e-22
20.0	0.1	30	2.34561e-22
30.0	0.1	5	7.4957e-26
30.0	0.1	5.83333	1.25816e-25
30.0	0.1	6.66667	2.00526e-25
30.0	0.1	7.5	3.10722e-25
30.0	0.1	8.33333	4.67912e-25
30.0	0.1	9.16667	6.80166e-25
30.0	0.1	10	9.53314e-25
30.0	0.1	10.8333	1.2896e-24
30.0	0.1	11.6667	1.69833e-24
30.0	0.1	12.5	2.17477e-24
30.0	0.1	13.3333	2.73661e-24
30.0	0.1	14.1667	3.38098e-24
30.0	0.1	15	4.11976e-24
30.0	0.1	15.8333	4.96032e-24
30.0	0.1	16.6667	5.90813e-24
30.0	0.1	17.5	6.96217e-24
30.0	0.1	18.3333	8.13641e-24
30.0	0.1	19.1667	9.41853e-24
30.0	0.1	20	1.08077e-23
30.0	0.1	20.8333	1.23002e-23
30.0	0.1	21.6667	1.38963e-23
30.0	0.1	22.5	1.55903e-23
30.0	0.1	23.3333	1.73743e-23
30.0	0.1	24.1667	1.92759e-23
30.0	0.1	25	2.12839e-23
30.0	0.1	25.8333	2.34355e-23
30.0	0.1	26.6667	2.57449e-23
30.0	0.1	27.5	2.8358e-23
30.0	0.1	28.3333	3.13087e-23
30.0	0.1	29.1667	3.47669e-23
30.0	0.1	30	3.89267e-23
40.0	0.1	5	5.62987e-26
40.0	0.1	5.83333	9.44991e-26
40.0	0.1	6.66667	1.50603e-25
40.0	0.1	7.5	2.33175e-25
40.0	0.1	8.33333	3.51334e-25
40.0	0.1	9.16667	5.10464e-25
40.0	0.1	10	7.15642e-25
40.0	0.1	10.8333	9.65394e-25
40.0	0.1	11.6667	1.27462e-24
40.0	0.1	12.5	1.63109e-24
40.0	0.1	13.3333	2.0538e-24
40.0	0.1	14.1667	2.53689e-24
40.0	0.1	15	3.0911e-24
40.0	0.1	15.8333	3.72129e-24
40.0	0.1	16.6667	4.4319e-24
40.0	0.1	17.5	5.22142e-24
40.0	0.1	18.3333	6.10166e-24
40.0	0.1	19.1667	7.06248e-24
40.0	0.1	20	8.10186e-24
40.0	0.1	20.8333	9.22021e-24
40.0	0.1	21.6667	1.04134e-23
40.0	0.1	22.5	1.16769e-23
40.0	0.1	23.3333	1.30012e-23
40.0	0.1	24.1667	1.43997e-23
40.0	0.1	25	1.58505e-23
40.0	0.1	25.8333	1.73639e-23
40.0	0.1	26.6667	1.89167e-23
40.0	0.1	27.5	2.05496e-23
40.0	0.1	28.3333	2.2226e-23
40.0	0.1	29.1667	2.39559e-23
40.0	0.1	30	2.57454e-23
5.0	0.1	5	4.40803e-25
5.0	0.1	5.83333	7.56616e-25
5.0	0.1	6.66667	1.50893e-24
5.0	0.1	7.5	4.20659e-24
5.0	0.1	8.33333	1.16971e-23
5.0	0.1	9.16667	2.79237e-23
5.0	0.1	10	5.78481e-23
5.0	0.1	10.8333	1.07082e-22
5.0	0.1	11.6667	1.81475e-22
5.0	0.1	12.5	2.86797e-22
5.0	0.1	13.3333	4.28464e-22
5.0	0.1	14.1667	6.11409e-22
5.0	0.1	15	8.40001e-22
5.0	0.1	15.8333	1.11805e-21
5.0	0.1	16.6667	1.44885e-21
5.0	0.1	17.5	1.83505e-21
5.0	0.1	18.3333	2.27874e-21
5.0	0.1	19.1667	2.78176e-21
5.0	0.1	20	3.34555e-21
5.0	0.1	20.8333	3.97146e-21
5.0	0.1	21.6667	4.65952e-21
5.0	0.1	22.5	5.4103e-21
5.0	0.1	23.3333	6.22437e-21
5.0	0.1	24.1667	7.1017e-21
5.0	0.1	25	8.04272e-21
5.0	0.1	25.8333	9.04503e-21
5.0	0.1	26.6667	1.01107e-20
5.0	0.1	27.5	1.12384e-20
5.0	0.1	28.3333	1.24268e-20
5.0	0.1	29.1667	1.36761e-20
5.0	0.1	30	1.49845e-20
50.0	0.1	5	4.50751e-26
50.0	0.1	5.83333	7.56695e-26
50.0	0.1	6.66667	1.20592e-25
50.0	0.1	7.5	1.86623e-25
50.0	0.1	8.33333	2.81253e-25
50.0	0.1	9.16667	4.07726e-25
50.0	0.1	10	5.72803e-25
50.0	0.1	10.8333	7.68729e-25
50.0	0.1	11.6667	1.0202e-24
50.0	0.1	12.5	1.30444e-24
50.0	0.1	13.3333	1.6439e-24
50.0	0.1	14.1667	2.03031e-24
50.0	0.1	15	2.47385e-24
50.0	0.1	15.8333	2.97815e-24
50.0	0.1	16.6667	3.54659e-24
50.0	0.1	17.5	4.17805e-24
50.0	0.1	18.3333	4.88194e-24
50.0	0.1	19.1667	5.65057e-24
50.0	0.1	20	6.48009e-24
50.0	0.1	20.8333	7.37652e-24
50.0	0.1	21.6667	8.33055e-24
50.0	0.1	22.5	9.34068e-24
50.0	0.1	23.3333	1.03982e-23
50.0	0.1	24.1667	1.15173e-23
50.0	0.1	25	1.26739e-23
50.0	0.1	25.8333	1.38855e-23
50.0	0.1	26.6667	1.51244e-23
50.0	0.1	27.5	1.64253e-23
50.0	0.1	28.3333	1.77612e-23
50.0	0.1	29.1667	1.91321e-23
50.0	0.1	30	2.05421e-23
10.0	1.0	5	7.19534e-26
10.0	1.0	5.83333	1.25396e-25
10.0	1.0	6.66667	2.79513e-25
10.0	1.0	7.5	1.13395e-24
10.0	1.0	8.33333	4.14618e-24
10.0	1.0	9.16667	1.19111e-23
10.0	1.0	10	2.83108e-23
10.0	1.0	10.8333	5.8338e-23
10.0	1.0	11.6667	1.07778e-22
10.0	1.0	12.5	1.82828e-22
10.0	1.0	13.3333	2.89753e-22
10.0	1.0	14.1667	4.34626e-22
10.0	1.0	15	6.23117e-22
10.0	1.0	15.8333	8.60492e-22
10.0	1.0	16.6667	1.15121e-21
10.0	1.0	17.5	1.4995e-21
10.0	1.0	18.3333	1.9089e-21
10.0	1.0	19.1667	2.38207e-21
10.0	1.0	20	2.92184e-21
10.0	1.0	20.8333	3.52993e-21
10.0	1.0	21.6667	4.20811e-21
10.0	1.0	22.5	4.95704e-21
10.0	1.0	23.3333	5.77846e-21
10.0	1.0	24.1667	6.67313e-21
10.0	1.0	25	7.64041e-21
10.0	1.0	25.8333	8.68141e-21
10.0	1.0	26.6667	9.79615e-21
10.0	1.0	27.5	1.09837e-20
10.0	1.0	28.3333	1.22454e-20
10.0	1.0	29.1667	1.35802e-20
10.0	1.0	30	1.49856e-20
100.0	1.0	5	8.00562e-27
100.0	1.0	5.83333	1.37327e-26
100.0	1.0	6.66667	2.19179e-26
100.0	1.0	7.5	3.31012e-26
100.0	1.0	8.33333	4.78404e-26
100.0	1.0	9.16667	6.60631e-26
100.0	1.0	10	9.05435e-26
100.0	1.0	10.8333	1.19502e-25
100.0	1.0	11.6667	1.55194e-25
100.0	1.0	12.5	1.9794e-25
100.0	1.0	13.3333	2.45311e-25
100.0	1.0	14.1667	3.04333e-25
100.0	1.0	15	3.74527e-25
100.0	1.0	15.8333	4.49195e-25
100.0	1.0	16.6667	5.4202e-25
100.0	1.0	17.5	6.43479e-25
100.0	1.0	18.3333	7.58605e-25
100.0	1.0	19.1667	8.84647e-25
100.0	1.0	20	1.02692e-24
100.0	1.0	20.8333	1.18787e-24
100.0	1.0	21.6667	1.35471e-24
100.0	1.0	22.5	1.54864e-24
100.0	1.0	23.3333	1.75468e-24
100.0	1.0	24.1667	1.98264e-24
100.0	1.0	25	2.21945e-24
100.0	1.0	25.8333	2.48085e-24
100.0	1.0	26.6667	2.74845e-24
100.0	1.0	27.5	2.55449e-24
100.0	1.0	28.3333	3.38885e-24
100.0	1.0	29.1667	3.73862e-24
100.0	1.0	30	4.1167e-24
20.0	1.0	5	3.77292e-26
20.0	1.0	5.83333	6.4772e-26
20.0	1.0	6.66667	1.03469e-25
20.0	1.0	7.5	1.56436e-25
20.0	1.0	8.33333	2.2651e-25
20.0	1.0	9.16667	3.17236e-25
20.0	1.0	10	4.395e-25
20.0	1.0	10.8333	6.55692e-25
20.0	1.0	11.6667	1.20094e-24
20.0	1.0	12.5	2.53865e-24
20.0	1.0	13.3333	5.3162e-24
20.0	1.0	14.1667	1.04151e-23
20.0	1.0	15	1.89829e-23
20.0	1.0	15.8333	3.24238e-23
20.0	1.0	16.6667	5.24198e-23
20.0	1.0	17.5	8.08126e-23
20.0	1.0	18.3333	1.19647e-22
20.0	1.0	19.1667	1.71039e-22
20.0	1.0	20	2.37239e-22
20.0	1.0	20.8333	3.20387e-22
20.0	1.0	21.6667	4.22852e-22
20.0	1.0	22.5	5.46774e-22
20.0	1.0	23.3333	6.94358e-22
20.0	1.0	24.1667	8.67599e-22
20.0	1.0	25	1.06851e-21
20.0	1.0	25.8333	1.29898e-21
20.0	1.0	26.6667	1.56073e-21
20.0	1.0	27.5	1.85547e-21
20.0	1.0	28.3333	2.18479e-21
20.0	1.0	29.1667	2.55024e-21
20.0	1.0	30	2.9525e-21
30.0	1.0	5	2.57087e-26
30.0	1.0	5.83333	4.41143e-26
30.0	1.0	6.66667	7.04326e-26
30.0	1.0	7.5	1.06414e-25
30.0	1.0	8.33333	1.53967e-25
30.0	1.0	9.16667	2.15065e-25
30.0	1.0	10	2.91853e-25
30.0	1.0	10.8333	3.86481e-25
30.0	1.0	11.6667	5.0151e-25
30.0	1.0	12.5	6.39965e-25
30.0	1.0	13.3333	8.08491e-25
30.0	1.0	14.1667	1.03199e-24
30.0	1.0	15	1.38406e-24
30.0	1.0	15.8333	2.03708e-24
30.0	1.0	16.6667	3.27358e-24
30.0	1.0	17.5	5.44652e-24
30.0	1.0	18.3333	8.99544e-24
30.0	1.0	19.1667	1.44334e-23
30.0	1.0	20	2.23923e-23
30.0	1.0	20.8333	3.36086e-23
30.0	1.0	21.6667	4.86908e-23
30.0	1.0	22.5	6.91764e-23
30.0	1.0	23.3333	9.5297e-23
30.0	1.0	24.1667	1.28804e-22
30.0	1.0	25	1.70297e-22
30.0	1.0	25.8333	2.21093e-22
30.0	1.0	26.6667	2.82449e-22
30.0	1.0	27.5	3.55485e-22
30.0	1.0	28.3333	4.4147e-22
30.0	1.0	29.1667	5.41549e-22
30.0	1.0	30	6.56832e-22
40.0	1.0	5	1.95208e-26
40.0	1.0	5.83333	3.34914e-26
40.0	1.0	6.66667	5.34619e-26
40.0	1.0	7.5	8.07547e-26
40.0	1.0	8.33333	1.16809e-25
40.0	1.0	9.16667	1.63091e-25
40.0	1.0	10	2.21289e-25
40.0	1.0	10.8333	2.92861e-25
40.0	1.0	11.6667	3.79915e-25
40.0	1.0	12.5	4.83957e-25
40.0	1.0	13.3333	6.06527e-25
40.0	1.0	14.1667	7.50458e-25
40.0	1.0	15	9.1743e-25
40.0	1.0	15.8333	1.11052e-24
40.0	1.0	16.6667	1.33812e-24
40.0	1.0	17.5	1.61325e-24
40.0	1.0	18.3333	1.97931e-24
40.0	1.0	19.1667	2.51302e-24
40.0	1.0	20	3.36105e-24
40.0	1.0	20.8333	4.72807e-24
40.0	1.0	21.6667	6.86078e-24
40.0	1.0	22.5	1.00432e-23
40.0	1.0	23.3333	1.45845e-23
40.0	1.0	24.1667	2.09001e-23
40.0	1.0	25	2.9362e-23
40.0	1.0	25.8333	4.04462e-23
40.0	1.0	26.6667	5.47533e-23
40.0	1.0	27.5	7.27114e-23
40.0	1.0	28.3333	9.51096e-23
40.0	1.0	29.1667	1.22452e-22
40.0	1.0	30	1.554e-22
5.0	1.0	5	1.40972e-24
5.0	1.0	5.83333	8.65632e-24
5.0	1.0	6.66667	3.20033e-23
5.0	1.0	7.5	8.60916e-23
5.0	1.0	8.33333	1.87462e-22
5.0	1.0	9.16667	3.52178e-22
5.0	1.0	10	5.94284e-22
5.0	1.0	10.8333	9.25302e-22
5.0	1.0	11.6667	1.35401e-21
5.0	1.0	12.5	1.88694e-21
5.0	1.0	13.3333	2.52828e-21
5.0	1.0	14.1667	3.281e-21
5.0	1.0	15	4.14625e-21
5.0	1.0	15.8333	5.12464e-21
5.0	1.0	16.6667	6.21526e-21
5.0	1.0	17.5	7.41744e-21
5.0	1.0	18.3333	8.73035e-21
5.0	1.0	19.1667	1.01513e-20
5.0	1.0	20	1.16786e-20
5.0	1.0	20.8333	1.33105e-20
5.0	1.0	21.6667	1.50446e-20
5.0	1.0	22.5	1.68777e-20
5.0	1.0	23.3333	1.88092e-20
5.0	1.0	24.1667	2.08361e-20
5.0	1.0	25	2.29581e-20
5.0	1.0	25.8333	2.51674e-20
5.0	1.0	26.6667	2.74685e-20
5.0	1.0	27.5	2.98553e-20
5.0	1.0	28.3333	3.2328e-20
5.0	1.0	29.1667	3.48826e-20
5.0	1.0	30	3.7521e-20
50.0	1.0	5	1.57407e-26
50.0	1.0	5.83333	2.70043e-26
50.0	1.0	6.66667	4.3101e-26
50.0	1.0	7.5	6.51007e-26
50.0	1.0	8.33333	9.41484e-26
50.0	1.0	9.16667	1.31386e-25
50.0	1.0	10	1.78314e-25
50.0	1.0	10.8333	2.35845e-25
50.0	1.0	11.6667	3.0602e-25
50.0	1.0	12.5	3.89783e-25
50.0	1.0	13.3333	4.87992e-25
50.0	1.0	14.1667	6.0415e-25
50.0	1.0	15	7.38157e-25
50.0	1.0	15.8333	8.91759e-25
50.0	1.0	16.6667	1.06914e-24
50.0	1.0	17.5	1.26996e-24
50.0	1.0	18.3333	1.49864e-24
50.0	1.0	19.1667	1.75615e-24
50.0	1.0	20	2.04856e-24
50.0	1.0	20.8333	2.38994e-24
50.0	1.0	21.6667	2.80052e-24
50.0	1.0	22.5	3.33707e-24
50.0	1.0	23.3333	4.05835e-24
50.0	1.0	24.1667	5.14966e-24
50.0	1.0	25	6.72095e-24
50.0	1.0	25.8333	8.98309e-24
50.0	1.0	26.6667	1.21501e-23
50.0	1.0	27.5	1.64462e-23
50.0	1.0	28.3333	2.21371e-23
50.0	1.0	29.1667	2.94987e-23
50.0	1.0	30	3.88545e-23