r0[m]	uref[m/s]	Noise[Hz^-1/2]
10.0	10.0	0.01	6.19974e-25
10.0	10.0	0.0116591	6.72001e-25
10.0	10.0	0.0135936	7.30434e-25
10.0	10.0	0.0158489	7.96208e-25
10.0	10.0	0.0184785	8.7061e-25
10.0	10.0	0.0215443	9.55041e-25
10.0	10.0	0.0251189	1.05085e-24
10.0	10.0	0.0292864	1.16001e-24
10.0	10.0	0.0341455	1.28495e-24
10.0	10.0	0.0398107	1.42745e-24
10.0	10.0	0.0464159	1.59192e-24
10.0	10.0	0.054117	1.78085e-24
10.0	10.0	0.0630957	1.99876e-24
10.0	10.0	0.0735642	2.25066e-24
10.0	10.0	0.0857696	2.5428e-24
10.0	10.0	0.1	2.88136e-24
10.0	10.0	0.116591	3.27818e-24
10.0	10.0	0.135936	3.74265e-24
10.0	10.0	0.158489	4.2882e-24
10.0	10.0	0.184785	4.93317e-24
10.0	10.0	0.215443	5.70211e-24
10.0	10.0	0.251189	6.62631e-24
10.0	10.0	0.292864	7.74682e-24
10.0	10.0	0.341455	9.12677e-24
10.0	10.0	0.398107	1.08517e-23
10.0	10.0	0.464159	1.30522e-23
10.0	10.0	0.54117	1.59208e-23
10.0	10.0	0.630957	1.97443e-23
10.0	10.0	0.735642	2.49791e-23
10.0	10.0	0.857696	3.23446e-23
10.0	10.0	1	4.3043e-23
10.0	100.0	0.01	6.03185e-26
10.0	100.0	0.0116591	6.55584e-26
10.0	100.0	0.0135936	7.13387e-26
10.0	100.0	0.0158489	7.78572e-26
10.0	100.0	0.0184785	8.17185e-26
10.0	100.0	0.0215443	9.24332e-26
10.0	100.0	0.0251189	1.02804e-25
10.0	100.0	0.0292864	1.13858e-25
10.0	100.0	0.0341455	7.89446e-26
10.0	100.0	0.0398107	1.40854e-25
10.0	100.0	0.0464159	7.50041e-26
10.0	100.0	0.054117	1.73458e-25
10.0	100.0	0.0630957	1.97918e-25
10.0	100.0	0.0735642	2.19643e-25
10.0	100.0	0.0857696	2.52876e-25
10.0	100.0	0.1	2.86587e-25
10.0	100.0	0.116591	3.19259e-25
10.0	100.0	0.135936	3.72273e-25
10.0	100.0	0.158489	4.26699e-25
10.0	100.0	0.184785	4.77254e-25
10.0	100.0	0.215443	5.6243e-25
10.0	100.0	0.251189	6.54483e-25
10.0	100.0	0.292864	7.52898e-25
10.0	100.0	0.341455	8.89442e-25
10.0	100.0	0.398107	1.02407e-24
10.0	100.0	0.464159	1.23724e-24
10.0	100.0	0.54117	1.47126e-24
10.0	100.0	0.630957	1.75912e-24
10.0	100.0	0.735642	2.15174e-24
10.0	100.0	0.857696	2.63105e-24
10.0	100.0	1	3.24346e-24
10.0	20.0	0.01	3.02535e-25
10.0	20.0	0.0116591	3.28165e-25
10.0	20.0	0.0135936	3.56993e-25
10.0	20.0	0.0158489	3.89475e-25
10.0	20.0	0.0184785	4.26325e-25
10.0	20.0	0.0215443	4.68139e-25
10.0	20.0	0.0251189	5.15712e-25
10.0	20.0	0.0292864	5.69978e-25
10.0	20.0	0.0341455	6.32124e-25
10.0	20.0	0.0398107	7.03141e-25
10.0	20.0	0.0464159	7.84427e-25
10.0	20.0	0.054117	8.79333e-25
10.0	20.0	0.0630957	9.87982e-25
10.0	20.0	0.0735642	1.11355e-24
10.0	20.0	0.0857696	1.25911e-24
10.0	20.0	0.1	1.42759e-24
10.0	20.0	0.116591	1.62421e-24
10.0	20.0	0.135936	1.85398e-24
10.0	20.0	0.158489	2.12242e-24
10.0	20.0	0.184785	2.43755e-24
10.0	20.0	0.215443	2.81019e-24
10.0	20.0	0.251189	3.25287e-24
10.0	20.0	0.292864	3.78087e-24
10.0	20.0	0.341455	4.4175e-24
10.0	20.0	0.398107	5.19344e-24
10.0	20.0	0.464159	6.14628e-24
10.0	20.0	0.54117	7.33026e-24
10.0	20.0	0.630957	8.81618e-24
10.0	20.0	0.735642	1.06969e-23
10.0	20.0	0.857696	1.3092e-23
10.0	20.0	1	1.61584e-23
10.0	30.0	0.01	2.01263e-25
10.0	30.0	0.0116591	2.1835e-25
10.0	30.0	0.0135936	2.37563e-25
10.0	30.0	0.0158489	2.59213e-25
10.0	30.0	0.0184785	2.83789e-25
10.0	30.0	0.0215443	3.11692e-25
10.0	30.0	0.0251189	3.4345e-25
10.0	30.0	0.0292864	3.79678e-25
10.0	30.0	0.0341455	4.21155e-25
10.0	30.0	0.0398107	4.68665e-25
10.0	30.0	0.0464159	5.21606e-25
10.0	30.0	0.054117	5.86393e-25
10.0	30.0	0.0630957	6.59033e-25
10.0	30.0	0.0735642	7.42895e-25
10.0	30.0	0.0857696	8.40401e-25
10.0	30.0	0.1	9.53141e-25
10.0	30.0	0.116591	1.08435e-24
10.0	30.0	0.135936	1.23846e-24
10.0	30.0	0.158489	1.41809e-24
10.0	30.0	0.184785	1.62886e-24
10.0	30.0	0.215443	1.87822e-24
10.0	30.0	0.251189	2.17386e-24
10.0	30.0	0.292864	2.52547e-24
10.0	30.0	0.341455	2.95294e-24
10.0	30.0	0.398107	3.47221e-24
10.0	30.0	0.464159	4.10945e-24
10.0	30.0	0.54117	4.89663e-24
10.0	30.0	0.630957	5.89144e-24
10.0	30.0	0.735642	7.1459e-24
10.0	30.0	0.857696	8.74078e-24
10.0	30.0	1	1.07807e-23
10.0	40.0	0.01	1.50911e-25
10.0	40.0	0.0116591	1.63731e-25
10.0	40.0	0.0135936	1.78148e-25
10.0	40.0	0.0158489	1.94404e-25
10.0	40.0	0.0184785	2.12815e-25
10.0	40.0	0.0215443	2.33734e-25
10.0	40.0	0.0251189	2.5762e-25
10.0	40.0	0.0292864	2.84813e-25
10.0	40.0	0.0341455	3.15858e-25
10.0	40.0	0.0398107	3.51648e-25
10.0	40.0	0.0464159	3.87374e-25
10.0	40.0	0.054117	4.40033e-25
10.0	40.0	0.0630957	4.94589e-25
10.0	40.0	0.0735642	5.57384e-25
10.0	40.0	0.0857696	6.30867e-25
10.0	40.0	0.1	7.15535e-25
10.0	40.0	0.116591	8.13888e-25
10.0	40.0	0.135936	9.29921e-25
10.0	40.0	0.158489	1.06488e-24
10.0	40.0	0.184785	1.22304e-24
10.0	40.0	0.215443	1.41038e-24
10.0	40.0	0.251189	1.63159e-24
10.0	40.0	0.292864	1.89502e-24
10.0	40.0	0.341455	2.21764e-24
10.0	40.0	0.398107	2.60721e-24
10.0	40.0	0.464159	3.08669e-24
10.0	40.0	0.54117	3.67313e-24
10.0	40.0	0.630957	4.42391e-24
10.0	40.0	0.735642	5.36586e-24
10.0	40.0	0.857696	6.56232e-24
10.0	40.0	1	8.09184e-24
10.0	5.0	0.01	2.25231e-23
10.0	5.0	0.0116591	2.34244e-23
10.0	5.0	0.0135936	2.44248e-23
10.0	5.0	0.0158489	2.55369e-23
10.0	5.0	0.0184785	2.67793e-23
10.0	5.0	0.0215443	2.81653e-23
10.0	5.0	0.0251189	2.97205e-23
10.0	5.0	0.0292864	3.14717e-23
10.0	5.0	0.0341455	3.34464e-23
10.0	5.0	0.0398107	3.56805e-23
10.0	5.0	0.0464159	3.82229e-23
10.0	5.0	0.054117	4.11255e-23
10.0	5.0	0.0630957	4.44484e-23
10.0	5.0	0.0735642	4.82758e-23
10.0	5.0	0.0857696	5.27032e-23
10.0	5.0	0.1	5.78503e-23
10.0	5.0	0.116591	6.38681e-23
10.0	5.0	0.135936	7.09468e-23
10.0	5.0	0.158489	7.93273e-23
10.0	5.0	0.184785	8.93087e-23
10.0	5.0	0.215443	1.0128e-22
10.0	5.0	0.251189	1.15765e-22
10.0	5.0	0.292864	1.33392e-22
10.0	5.0	0.341455	1.55083e-22
10.0	5.0	0.398107	1.81938e-22
10.0	5.0	0.464159	2.15616e-22
10.0	5.0	0.54117	2.58195e-22
10.0	5.0	0.630957	3.12662e-22
10.0	5.0	0.735642	3.83152e-22
10.0	5.0	0.857696	4.75494e-22
10.0	5.0	1	5.98083e-22
10.0	50.0	0.01	1.20725e-25
10.0	50.0	0.0116591	1.31006e-25
10.0	50.0	0.0135936	1.42547e-25
10.0	50.0	0.0158489	1.55558e-25
10.0	50.0	0.0184785	1.70215e-25
10.0	50.0	0.0215443	1.86835e-25
10.0	50.0	0.0251189	2.06141e-25
10.0	50.0	0.0292864	2.27905e-25
10.0	50.0	0.0341455	2.52392e-25
10.0	50.0	0.0398107	2.81432e-25
10.0	50.0	0.0464159	2.96177e-25
10.0	50.0	0.054117	3.52166e-25
10.0	50.0	0.0630957	3.95859e-25
10.0	50.0	0.0735642	4.45862e-25
10.0	50.0	0.0857696	5.05018e-25
10.0	50.0	0.1	5.72773e-25
10.0	50.0	0.116591	6.51264e-25
10.0	50.0	0.135936	7.44486e-25
10.0	50.0	0.158489	8.52584e-25
10.0	50.0	0.184785	9.78858e-25
10.0	50.0	0.215443	1.12882e-24
10.0	50.0	0.251189	1.30634e-24
10.0	50.0	0.292864	1.5168e-24
10.0	50.0	0.341455	1.77578e-24
10.0	50.0	0.398107	2.08551e-24
10.0	50.0	0.464159	2.47153e-24
10.0	50.0	0.54117	2.93877e-24
10.0	50.0	0.630957	3.54087e-24
10.0	50.0	0.735642	4.29603e-24
10.0	50.0	0.857696	5.25355e-24
10.0	50.0	1	6.47731e-24
20.0	10.0	0.01	1.26845e-22
20.0	10.0	0.0116591	1.3295e-22
20.0	10.0	0.0135936	1.39656e-22
20.0	10.0	0.0158489	1.47068e-22
20.0	10.0	0.0184785	1.55265e-22
20.0	10.0	0.0215443	1.64347e-22
20.0	10.0	0.0251189	1.74462e-22
20.0	10.0	0.0292864	1.85752e-22
20.0	10.0	0.0341455	1.98377e-22
20.0	10.0	0.0398107	2.12537e-22
20.0	10.0	0.0464159	2.28536e-22
20.0	10.0	0.054117	2.46616e-22
20.0	10.0	0.0630957	2.67119e-22
20.0	10.0	0.0735642	2.90499e-22
20.0	10.0	0.0857696	3.1723e-22
20.0	10.0	0.1	3.47999e-22
20.0	10.0	0.116591	3.83526e-22
20.0	10.0	0.135936	4.2476e-22
20.0	10.0	0.158489	4.72845e-22
20.0	10.0	0.184785	5.29217e-22
20.0	10.0	0.215443	5.95902e-22
20.0	10.0	0.251189	6.75062e-22
20.0	10.0	0.292864	7.69612e-22
20.0	10.0	0.341455	8.83534e-22
20.0	10.0	0.398107	1.02159e-21
20.0	10.0	0.464159	1.19047e-21
20.0	10.0	0.54117	1.39867e-21
20.0	10.0	0.630957	1.65784e-21
20.0	10.0	0.735642	1.98362e-21
20.0	10.0	0.857696	2.39708e-21
20.0	10.0	1	2.92845e-21
20.0	100.0	0.01	8.24042e-25
20.0	100.0	0.0116591	8.91414e-25
20.0	100.0	0.0135936	9.65656e-25
20.0	100.0	0.0158489	1.03103e-24
20.0	100.0	0.0184785	1.13436e-24
20.0	100.0	0.0215443	1.23357e-24
20.0	100.0	0.0251189	1.35055e-24
20.0	100.0	0.0292864	1.47727e-24
20.0	100.0	0.0341455	1.61833e-24
20.0	100.0	0.0398107	1.7758e-24
20.0	100.0	0.0464159	1.95339e-24
20.0	100.0	0.054117	2.15241e-24
20.0	100.0	0.0630957	2.37732e-24
20.0	100.0	0.0735642	2.63208e-24
20.0	100.0	0.0857696	2.91909e-24
20.0	100.0	0.1	3.24118e-24
20.0	100.0	0.116591	3.61077e-24
20.0	100.0	0.135936	4.01512e-24
20.0	100.0	0.158489	4.49613e-24
20.0	100.0	0.184785	5.03561e-24
20.0	100.0	0.215443	5.64536e-24
20.0	100.0	0.251189	6.33871e-24
20.0	100.0	0.292864	7.12334e-24
20.0	100.0	0.341455	8.02988e-24
20.0	100.0	0.398107	9.05384e-24
20.0	100.0	0.464159	1.02588e-23
20.0	100.0	0.54117	1.16328e-23
20.0	100.0	0.630957	1.32321e-23
20.0	100.0	0.735642	1.5133e-23
20.0	100.0	0.857696	1.73647e-23
20.0	100.0	1	2.00365e-23
20.0	20.0	0.01	4.29036e-24
20.0	20.0	0.0116591	4.63739e-24
20.0	20.0	0.0135936	5.01929e-24
20.0	20.0	0.0158489	5.4415e-24
20.0	20.0	0.0184785	5.90792e-24
20.0	20.0	0.0215443	6.43144e-24
20.0	20.0	0.0251189	7.00945e-24
20.0	20.0	0.0292864	7.66443e-24
20.0	20.0	0.0341455	8.39462e-24
20.0	20.0	0.0398107	9.21313e-24
20.0	20.0	0.0464159	1.01447e-23
20.0	20.0	0.054117	1.11943e-23
20.0	20.0	0.0630957	1.2388e-23
20.0	20.0	0.0735642	1.37496e-23
20.0	20.0	0.0857696	1.53006e-23
20.0	20.0	0.1	1.70822e-23
20.0	20.0	0.116591	1.91508e-23
20.0	20.0	0.135936	2.1547e-23
20.0	20.0	0.158489	2.43428e-23
20.0	20.0	0.184785	2.76342e-23
20.0	20.0	0.215443	3.1583e-23
20.0	20.0	0.251189	3.63569e-23
20.0	20.0	0.292864	4.22062e-23
20.0	20.0	0.341455	4.95975e-23
20.0	20.0	0.398107	5.90446e-23
20.0	20.0	0.464159	7.14574e-23
20.0	20.0	0.54117	8.81232e-23
20.0	20.0	0.630957	1.11103e-22
20.0	20.0	0.735642	1.43381e-22
20.0	20.0	0.857696	1.89619e-22
20.0	20.0	1	2.57146e-22
20.0	30.0	0.01	2.77317e-24
20.0	30.0	0.0116591	2.99845e-24
20.0	30.0	0.0135936	3.24607e-24
20.0	30.0	0.0158489	3.5193e-24
20.0	30.0	0.0184785	3.82089e-24
20.0	30.0	0.0215443	4.15849e-24
20.0	30.0	0.0251189	4.53173e-24
20.0	30.0	0.0292864	4.95083e-24
20.0	30.0	0.0341455	5.41851e-24
20.0	30.0	0.0398107	5.94177e-24
20.0	30.0	0.0464159	6.53078e-24
20.0	30.0	0.054117	7.19253e-24
20.0	30.0	0.0630957	7.93869e-24
20.0	30.0	0.0735642	8.7809e-24
20.0	30.0	0.0857696	9.73141e-24
20.0	30.0	0.1	1.08036e-23
20.0	30.0	0.116591	1.20251e-23
20.0	30.0	0.135936	1.34049e-23
20.0	30.0	0.158489	1.49677e-23
20.0	30.0	0.184785	1.67415e-23
20.0	30.0	0.215443	1.87592e-23
20.0	30.0	0.251189	2.10569e-23
20.0	30.0	0.292864	2.36699e-23
20.0	30.0	0.341455	2.66779e-23
20.0	30.0	0.398107	3.01266e-23
20.0	30.0	0.464159	3.41193e-23
20.0	30.0	0.54117	3.87442e-23
20.0	30.0	0.630957	4.42827e-23
20.0	30.0	0.735642	5.09273e-23
20.0	30.0	0.857696	5.91945e-23
20.0	30.0	1	7.00172e-23
20.0	40.0	0.01	2.069e-24
20.0	40.0	0.0116591	2.23779e-24
20.0	40.0	0.0135936	2.4233e-24
20.0	40.0	0.0158489	2.62761e-24
20.0	40.0	0.0184785	2.85321e-24
20.0	40.0	0.0215443	3.1067e-24
20.0	40.0	0.0251189	3.38698e-24
20.0	40.0	0.0292864	3.70165e-24
20.0	40.0	0.0341455	4.0529e-24
20.0	40.0	0.0398107	4.44589e-24
20.0	40.0	0.0464159	4.88824e-24
20.0	40.0	0.054117	5.38527e-24
20.0	40.0	0.0630957	5.94618e-24
20.0	40.0	0.0735642	6.57933e-24
20.0	40.0	0.0857696	7.29384e-24
20.0	40.0	0.1	8.09883e-24
20.0	40.0	0.116591	9.01812e-24
20.0	40.0	0.135936	1.00556e-23
20.0	40.0	0.158489	1.12293e-23
20.0	40.0	0.184785	1.25642e-23
20.0	40.0	0.215443	1.40803e-23
20.0	40.0	0.251189	1.58056e-23
20.0	40.0	0.292864	1.77657e-23
20.0	40.0	0.341455	2.00195e-23
20.0	40.0	0.398107	2.25951e-23
20.0	40.0	0.464159	2.55663e-23
20.0	40.0	0.54117	2.89804e-23
20.0	40.0	0.630957	3.30034e-23
20.0	40.0	0.735642	3.77037e-23
20.0	40.0	0.857696	4.32726e-23
20.0	40.0	1	4.9958e-23
20.0	5.0	0.01	2.0581e-21
20.0	5.0	0.0116591	2.09995e-21
20.0	5.0	0.0135936	2.14529e-21
20.0	5.0	0.0158489	2.19472e-21
20.0	5.0	0.0184785	2.24877e-21
20.0	5.0	0.0215443	2.30771e-21
20.0	5.0	0.0251189	2.37228e-21
20.0	5.0	0.0292864	2.4428e-21
20.0	5.0	0.0341455	2.52035e-21
20.0	5.0	0.0398107	2.60579e-21
20.0	5.0	0.0464159	2.69949e-21
20.0	5.0	0.054117	2.80342e-21
20.0	5.0	0.0630957	2.91829e-21
20.0	5.0	0.0735642	3.04582e-21
20.0	5.0	0.0857696	3.18759e-21
20.0	5.0	0.1	3.34572e-21
20.0	5.0	0.116591	3.52263e-21
20.0	5.0	0.135936	3.72109e-21
20.0	5.0	0.158489	3.94473e-21
20.0	5.0	0.184785	4.19773e-21
20.0	5.0	0.215443	4.48476e-21
20.0	5.0	0.251189	4.81202e-21
20.0	5.0	0.292864	5.18651e-21
20.0	5.0	0.341455	5.61826e-21
20.0	5.0	0.398107	6.11743e-21
20.0	5.0	0.464159	6.69909e-21
20.0	5.0	0.54117	7.37994e-21
20.0	5.0	0.630957	8.18516e-21
20.0	5.0	0.735642	9.14282e-21
20.0	5.0	0.857696	1.02921e-20
20.0	5.0	1	1.16847e-20
20.0	50.0	0.01	1.65166e-24
20.0	50.0	0.0116591	1.78655e-24
20.0	50.0	0.0135936	1.93497e-24
20.0	50.0	0.0158489	2.09688e-24
20.0	50.0	0.0184785	2.27829e-24
20.0	50.0	0.0215443	2.47987e-24
20.0	50.0	0.0251189	2.70559e-24
20.0	50.0	0.0292864	2.95778e-24
20.0	50.0	0.0341455	3.23908e-24
20.0	50.0	0.0398107	3.55367e-24
20.0	50.0	0.0464159	3.90779e-24
20.0	50.0	0.054117	4.30596e-24
20.0	50.0	0.0630957	4.75514e-24
20.0	50.0	0.0735642	5.26224e-24
20.0	50.0	0.0857696	5.83477e-24
20.0	50.0	0.1	6.47897e-24
20.0	50.0	0.116591	7.21594e-24
20.0	50.0	0.135936	8.04718e-24
20.0	50.0	0.158489	8.98627e-24
20.0	50.0	0.184785	1.00574e-23
20.0	50.0	0.215443	1.12722e-23
20.0	50.0	0.251189	1.26545e-23
20.0	50.0	0.292864	1.42234e-23
20.0	50.0	0.341455	1.60304e-23
20.0	50.0	0.398107	1.80924e-23
20.0	50.0	0.464159	2.04744e-23
20.0	50.0	0.54117	2.321e-23
20.0	50.0	0.630957	2.64296e-23
20.0	50.0	0.735642	3.01926e-23
20.0	50.0	0.857696	3.4644e-23
20.0	50.0	1	3.9974e-23
30.0	10.0	0.01	1.69465e-21
30.0	10.0	0.0116591	1.74884e-21
30.0	10.0	0.0135936	1.80733e-21
30.0	10.0	0.0158489	1.87111e-21
30.0	10.0	0.0184785	1.94042e-21
30.0	10.0	0.0215443	2.01616e-21
30.0	10.0	0.0251189	2.09892e-21
30.0	10.0	0.0292864	2.1896e-21
30.0	10.0	0.0341455	2.28896e-21
30.0	10.0	0.0398107	2.39842e-21
30.0	10.0	0.0464159	2.51916e-21
30.0	10.0	0.054117	2.6526e-21
30.0	10.0	0.0630957	2.80089e-21
30.0	10.0	0.0735642	2.96556e-21
30.0	10.0	0.0857696	3.14911e-21
30.0	10.0	0.1	3.35461e-21
30.0	10.0	0.116591	3.58577e-21
30.0	10.0	0.135936	3.8468e-21
30.0	10.0	0.158489	4.14162e-21
30.0	10.0	0.184785	4.47749e-21
30.0	10.0	0.215443	4.86009e-21
30.0	10.0	0.251189	5.29951e-21
30.0	10.0	0.292864	5.80657e-21
30.0	10.0	0.341455	6.39419e-21
30.0	10.0	0.398107	7.08002e-21
30.0	10.0	0.464159	7.88412e-21
30.0	10.0	0.54117	8.83461e-21
30.0	10.0	0.630957	9.9683e-21
30.0	10.0	0.735642	1.13279e-20
30.0	10.0	0.857696	1.29773e-20
30.0	10.0	1	1.49913e-20
30.0	100.0	0.01	3.25168e-24
30.0	100.0	0.0116591	3.49194e-24
30.0	100.0	0.0135936	3.75299e-24
30.0	100.0	0.0158489	4.02746e-24
30.0	100.0	0.0184785	4.34282e-24
30.0	100.0	0.0215443	4.67683e-24
30.0	100.0	0.0251189	5.04441e-24
30.0	100.0	0.0292864	5.44224e-24
30.0	100.0	0.0341455	5.87555e-24
30.0	100.0	0.0398107	6.34643e-24
30.0	100.0	0.0464159	6.86236e-24
30.0	100.0	0.054117	7.42458e-24
30.0	100.0	0.0630957	8.03872e-24
30.0	100.0	0.0735642	8.71467e-24
30.0	100.0	0.0857696	9.4539e-24
30.0	100.0	0.1	1.02646e-23
30.0	100.0	0.116591	1.11628e-23
30.0	100.0	0.135936	1.21343e-23
30.0	100.0	0.158489	1.32471e-23
30.0	100.0	0.184785	1.44754e-23
30.0	100.0	0.215443	1.58406e-23
30.0	100.0	0.251189	1.73712e-23
30.0	100.0	0.292864	1.90885e-23
30.0	100.0	0.341455	2.10446e-23
30.0	100.0	0.398107	2.32576e-23
30.0	100.0	0.464159	2.58286e-23
30.0	100.0	0.54117	2.87712e-23
30.0	100.0	0.630957	3.22073e-23
30.0	100.0	0.735642	3.62724e-23
30.0	100.0	0.857696	4.10721e-23
30.0	100.0	1	4.68705e-23
30.0	20.0	0.01	6.19159e-23
30.0	20.0	0.0116591	6.61875e-23
30.0	20.0	0.0135936	7.09298e-23
30.0	20.0	0.0158489	7.62311e-23
30.0	20.0	0.0184785	8.21321e-23
30.0	20.0	0.0215443	8.87568e-23
30.0	20.0	0.0251189	9.62306e-23
30.0	20.0	0.0292864	1.04643e-22
30.0	20.0	0.0341455	1.1419e-22
30.0	20.0	0.0398107	1.25036e-22
30.0	20.0	0.0464159	1.37405e-22
30.0	20.0	0.054117	1.51601e-22
30.0	20.0	0.0630957	1.6796e-22
30.0	20.0	0.0735642	1.86862e-22
30.0	20.0	0.0857696	2.08856e-22
30.0	20.0	0.1	2.34544e-22
30.0	20.0	0.116591	2.64709e-22
30.0	20.0	0.135936	3.00432e-22
30.0	20.0	0.158489	3.42815e-22
30.0	20.0	0.184785	3.93531e-22
30.0	20.0	0.215443	4.54594e-22
30.0	20.0	0.251189	5.2856e-22
30.0	20.0	0.292864	6.18811e-22
30.0	20.0	0.341455	7.29984e-22
30.0	20.0	0.398107	8.67732e-22
30.0	20.0	0.464159	1.03993e-21
30.0	20.0	0.54117	1.25699e-21
30.0	20.0	0.630957	1.53376e-21
30.0	20.0	0.735642	1.8896e-21
30.0	20.0	0.857696	2.35247e-21
30.0	20.0	1	2.9617e-21
30.0	30.0	0.01	1.13749e-23
30.0	30.0	0.0116591	1.22155e-23
30.0	30.0	0.0135936	1.31316e-23
30.0	30.0	0.0158489	1.41327e-23
30.0	30.0	0.0184785	1.5222e-23
30.0	30.0	0.0215443	1.64102e-23
30.0	30.0	0.0251189	1.77385e-23
30.0	30.0	0.0292864	1.91893e-23
30.0	30.0	0.0341455	2.07892e-23
30.0	30.0	0.0398107	2.25502e-23
30.0	30.0	0.0464159	2.45305e-23
30.0	30.0	0.054117	2.67303e-23
30.0	30.0	0.0630957	2.92034e-23
30.0	30.0	0.0735642	3.20154e-23
30.0	30.0	0.0857696	3.52202e-23
30.0	30.0	0.1	3.89085e-23
30.0	30.0	0.116591	4.32499e-23
30.0	30.0	0.135936	4.8366e-23
30.0	30.0	0.158489	5.44912e-23
30.0	30.0	0.184785	6.1982e-23
30.0	30.0	0.215443	7.12645e-23
30.0	30.0	0.251189	8.29497e-23
30.0	30.0	0.292864	9.78754e-23
30.0	30.0	0.341455	1.17324e-22
30.0	30.0	0.398107	1.42935e-22
30.0	30.0	0.464159	1.77176e-22
30.0	30.0	0.54117	2.23499e-22
30.0	30.0	0.630957	2.87016e-22
30.0	30.0	0.735642	3.75118e-22
30.0	30.0	0.857696	4.98855e-22
30.0	30.0	1	6.74886e-22
30.0	40.0	0.01	8.22313e-24
30.0	40.0	0.0116591	8.82423e-24
30.0	40.0	0.0135936	9.47614e-24
30.0	40.0	0.0158489	1.01841e-23
30.0	40.0	0.0184785	1.09529e-23
30.0	40.0	0.0215443	1.17786e-23
30.0	40.0	0.0251189	1.27004e-23
30.0	40.0	0.0292864	1.3692e-23
30.0	40.0	0.0341455	1.47719e-23
30.0	40.0	0.0398107	1.59467e-23
30.0	40.0	0.0464159	1.72335e-23
30.0	40.0	0.054117	1.86366e-23
30.0	40.0	0.0630957	2.01717e-23
30.0	40.0	0.0735642	2.1857e-23
30.0	40.0	0.0857696	2.37063e-23
30.0	40.0	0.1	2.57378e-23
30.0	40.0	0.116591	2.79965e-23
30.0	40.0	0.135936	3.04955e-23
30.0	40.0	0.158489	3.32717e-23
30.0	40.0	0.184785	3.6399e-23
30.0	40.0	0.215443	3.99284e-23
30.0	40.0	0.251189	4.39542e-23
30.0	40.0	0.292864	4.85896e-23
30.0	40.0	0.341455	5.40986e-23
30.0	40.0	0.398107	6.07153e-23
30.0	40.0	0.464159	6.89928e-23
30.0	40.0	0.54117	7.96567e-23
30.0	40.0	0.630957	9.42951e-23
30.0	40.0	0.735642	1.15129e-22
30.0	40.0	0.857696	1.46165e-22
30.0	40.0	1	1.94042e-22
30.0	5.0	0.01	1.07039e-20
30.0	5.0	0.0116591	1.08556e-20
30.0	5.0	0.0135936	1.10179e-20
30.0	5.0	0.0158489	1.11938e-20
30.0	5.0	0.0184785	1.13826e-20
30.0	5.0	0.0215443	1.15883e-20
30.0	5.0	0.0251189	1.18105e-20
30.0	5.0	0.0292864	1.20513e-20
30.0	5.0	0.0341455	1.2314e-20
30.0	5.0	0.0398107	1.26002e-20
30.0	5.0	0.0464159	1.29108e-20
30.0	5.0	0.054117	1.32508e-20
30.0	5.0	0.0630957	1.3626e-20
30.0	5.0	0.0735642	1.40355e-20
30.0	5.0	0.0857696	1.44873e-20
30.0	5.0	0.1	1.49846e-20
30.0	5.0	0.116591	1.55356e-20
30.0	5.0	0.135936	1.61485e-20
30.0	5.0	0.158489	1.68285e-20
30.0	5.0	0.184785	1.759e-20
30.0	5.0	0.215443	1.844e-20
30.0	5.0	0.251189	1.93989e-20
30.0	5.0	0.292864	2.04775e-20
30.0	5.0	0.341455	2.17026e-20
30.0	5.0	0.398107	2.30983e-20
30.0	5.0	0.464159	2.46935e-20
30.0	5.0	0.54117	2.65316e-20
30.0	5.0	0.630957	2.8659e-20
30.0	5.0	0.735642	3.11439e-20
30.0	5.0	0.857696	3.4067e-20
30.0	5.0	1	3.75297e-20
30.0	50.0	0.01	6.54361e-24
30.0	50.0	0.0116591	7.02422e-24
30.0	50.0	0.0135936	7.5458e-24
30.0	50.0	0.0158489	8.11103e-24
30.0	50.0	0.0184785	8.72712e-24
30.0	50.0	0.0215443	9.38835e-24
30.0	50.0	0.0251189	1.01253e-23
30.0	50.0	0.0292864	1.09188e-23
30.0	50.0	0.0341455	1.1783e-23
30.0	50.0	0.0398107	1.27228e-23
30.0	50.0	0.0464159	1.37515e-23
30.0	50.0	0.054117	1.48735e-23
30.0	50.0	0.0630957	1.60998e-23
30.0	50.0	0.0735642	1.7445e-23
30.0	50.0	0.0857696	1.89194e-23
30.0	50.0	0.1	2.05364e-23
30.0	50.0	0.116591	2.23286e-23
30.0	50.0	0.135936	2.43049e-23
30.0	50.0	0.158489	2.6489e-23
30.0	50.0	0.184785	2.89296e-23
30.0	50.0	0.215443	3.16507e-23
30.0	50.0	0.251189	3.47039e-23
30.0	50.0	0.292864	3.81363e-23
30.0	50.0	0.341455	4.20567e-23
30.0	50.0	0.398107	4.65217e-23
30.0	50.0	0.464159	5.17009e-23
30.0	50.0	0.54117	5.77e-23
30.0	50.0	0.630957	6.49639e-23
30.0	50.0	0.735642	7.3836e-23
30.0	50.0	0.857696	8.52106e-23
30.0	50.0	1	1.00825e-22
5.0	10.0	0.01	5.46176e-26
5.0	10.0	0.0116591	5.9093e-26
5.0	10.0	0.0135936	6.40571e-26
5.0	10.0	0.0158489	6.95781e-26
5.0	10.0	0.0184785	7.57254e-26
5.0	10.0	0.0215443	8.25889e-26
5.0	10.0	0.0251189	9.02738e-26
5.0	10.0	0.0292864	9.88831e-26
5.0	10.0	0.0341455	1.08552e-25
5.0	10.0	0.0398107	1.19428e-25
5.0	10.0	0.0464159	1.31688e-25
5.0	10.0	0.054117	1.4554e-25
5.0	10.0	0.0630957	1.61229e-25
5.0	10.0	0.0735642	1.79041e-25
5.0	10.0	0.0857696	1.99327e-25
5.0	10.0	0.1	2.22539e-25
5.0	10.0	0.116591	2.49277e-25
5.0	10.0	0.135936	2.80243e-25
5.0	10.0	0.158489	3.16441e-25
5.0	10.0	0.184785	3.59229e-25
5.0	10.0	0.215443	4.10402e-25
5.0	10.0	0.251189	4.72448e-25
5.0	10.0	0.292864	5.48842e-25
5.0	10.0	0.341455	6.44265e-25
5.0	10.0	0.398107	7.65272e-25
5.0	10.0	0.464159	9.20693e-25
5.0	10.0	0.54117	1.12271e-24
5.0	10.0	0.630957	1.38809e-24
5.0	10.0	0.735642	1.73988e-24
5.0	10.0	0.857696	2.20996e-24
5.0	10.0	1	2.84371e-24
5.0	100.0	0.01	5.49828e-27
5.0	100.0	0.0116591	5.95323e-27
5.0	100.0	0.0135936	6.46464e-27
5.0	100.0	0.0158489	7.02284e-27
5.0	100.0	0.0184785	7.51744e-27
5.0	100.0	0.0215443	8.33593e-27
5.0	100.0	0.0251189	9.02333e-27
5.0	100.0	0.0292864	9.99932e-27
5.0	100.0	0.0341455	9.20504e-27
5.0	100.0	0.0398107	1.16972e-26
5.0	100.0	0.0464159	5.86095e-27
5.0	100.0	0.054117	1.47053e-26
5.0	100.0	0.0630957	1.62339e-26
5.0	100.0	0.0735642	1.81184e-26
5.0	100.0	0.0857696	1.9845e-26
5.0	100.0	0.1	2.25835e-26
5.0	100.0	0.116591	2.34008e-26
5.0	100.0	0.135936	2.84631e-26
5.0	100.0	0.158489	3.1618e-26
5.0	100.0	0.184785	3.49515e-26
5.0	100.0	0.215443	4.17155e-26
5.0	100.0	0.251189	4.79451e-26
5.0	100.0	0.292864	5.57964e-26
5.0	100.0	0.341455	6.54011e-26
5.0	100.0	0.398107	7.14817e-26
5.0	100.0	0.464159	9.35843e-26
5.0	100.0	0.54117	1.10988e-25
5.0	100.0	0.630957	1.35834e-25
5.0	100.0	0.735642	1.58906e-25
5.0	100.0	0.857696	2.23492e-25
5.0	100.0	1	2.8437e-25
5.0	20.0	0.01	2.73871e-26
5.0	20.0	0.0116591	2.9637e-26
5.0	20.0	0.0135936	3.21357e-26
5.0	20.0	0.0158489	3.49154e-26
5.0	20.0	0.0184785	3.80113e-26
5.0	20.0	0.0215443	4.14636e-26
5.0	20.0	0.0251189	4.53405e-26
5.0	20.0	0.0292864	4.96822e-26
5.0	20.0	0.0341455	5.45582e-26
5.0	20.0	0.0398107	6.00358e-26
5.0	20.0	0.0464159	6.61905e-26
5.0	20.0	0.054117	7.32066e-26
5.0	20.0	0.0630957	8.11426e-26
5.0	20.0	0.0735642	9.01353e-26
5.0	20.0	0.0857696	1.00378e-25
5.0	20.0	0.1	1.12107e-25
5.0	20.0	0.116591	1.25616e-25
5.0	20.0	0.135936	1.4126e-25
5.0	20.0	0.158489	1.59539e-25
5.0	20.0	0.184785	1.81157e-25
5.0	20.0	0.215443	2.07026e-25
5.0	20.0	0.251189	2.38369e-25
5.0	20.0	0.292864	2.76944e-25
5.0	20.0	0.341455	3.25073e-25
5.0	20.0	0.398107	3.86077e-25
5.0	20.0	0.464159	4.64445e-25
5.0	20.0	0.54117	5.65394e-25
5.0	20.0	0.630957	6.99318e-25
5.0	20.0	0.735642	8.75544e-25
5.0	20.0	0.857696	1.11064e-24
5.0	20.0	1	1.42652e-24
5.0	30.0	0.01	1.82941e-26
5.0	30.0	0.0116591	1.97977e-26
5.0	30.0	0.0135936	2.14677e-26
5.0	30.0	0.0158489	2.33273e-26
5.0	30.0	0.0184785	2.53968e-26
5.0	30.0	0.0215443	2.76981e-26
5.0	30.0	0.0251189	3.02969e-26
5.0	30.0	0.0292864	3.31999e-26
5.0	30.0	0.0341455	3.64595e-26
5.0	30.0	0.0398107	4.01055e-26
5.0	30.0	0.0464159	4.41716e-26
5.0	30.0	0.054117	4.8917e-26
5.0	30.0	0.0630957	5.42357e-26
5.0	30.0	0.0735642	6.02559e-26
5.0	30.0	0.0857696	6.71e-26
5.0	30.0	0.1	7.49553e-26
5.0	30.0	0.116591	8.39901e-26
5.0	30.0	0.135936	9.44551e-26
5.0	30.0	0.158489	1.06671e-25
5.0	30.0	0.184785	1.21126e-25
5.0	30.0	0.215443	1.38451e-25
5.0	30.0	0.251189	1.59407e-25
5.0	30.0	0.292864	1.85219e-25
5.0	30.0	0.341455	2.17385e-25
5.0	30.0	0.398107	2.58152e-25
5.0	30.0	0.464159	3.10601e-25
5.0	30.0	0.54117	3.76723e-25
5.0	30.0	0.630957	4.67509e-25
5.0	30.0	0.735642	5.8513e-25
5.0	30.0	0.857696	7.42183e-25
5.0	30.0	1	9.52739e-25
5.0	40.0	0.01	1.37372e-26
5.0	40.0	0.0116591	1.48649e-26
5.0	40.0	0.0135936	1.61219e-26
5.0	40.0	0.0158489	1.75172e-26
5.0	40.0	0.0184785	1.90706e-26
5.0	40.0	0.0215443	2.0801e-26
5.0	40.0	0.0251189	2.27516e-26
5.0	40.0	0.0292864	2.49336e-26
5.0	40.0	0.0341455	2.7379e-26
5.0	40.0	0.0398107	3.00949e-26
5.0	40.0	0.0464159	3.30833e-26
5.0	40.0	0.054117	3.67245e-26
5.0	40.0	0.0630957	4.07288e-26
5.0	40.0	0.0735642	4.52583e-26
5.0	40.0	0.0857696	5.03911e-26
5.0	40.0	0.1	5.63027e-26
5.0	40.0	0.116591	6.30866e-26
5.0	40.0	0.135936	7.09526e-26
5.0	40.0	0.158489	8.00899e-26
5.0	40.0	0.184785	9.09651e-26
5.0	40.0	0.215443	1.04008e-25
5.0	40.0	0.251189	1.19719e-25
5.0	40.0	0.292864	1.39141e-25
5.0	40.0	0.341455	1.63266e-25
5.0	40.0	0.398107	1.93839e-25
5.0	40.0	0.464159	2.33323e-25
5.0	40.0	0.54117	2.8249e-25
5.0	40.0	0.630957	3.51088e-25
5.0	40.0	0.735642	4.39162e-25
5.0	40.0	0.857696	5.57365e-25
5.0	40.0	1	7.14383e-25
5.0	5.0	0.01	1.10201e-25
5.0	5.0	0.0116591	1.19102e-25
5.0	5.0	0.0135936	1.28963e-25
5.0	5.0	0.0158489	1.39916e-25
5.0	5.0	0.0184785	1.52093e-25
5.0	5.0	0.0215443	1.6568e-25
5.0	5.0	0.0251189	1.80864e-25
5.0	5.0	0.0292864	1.97855e-25
5.0	5.0	0.0341455	2.16915e-25
5.0	5.0	0.0398107	2.38338e-25
5.0	5.0	0.0464159	2.62458e-25
5.0	5.0	0.054117	2.89683e-25
5.0	5.0	0.0630957	3.20495e-25
5.0	5.0	0.0735642	3.55455e-25
5.0	5.0	0.0857696	3.95261e-25
5.0	5.0	0.1	4.40783e-25
5.0	5.0	0.116591	4.93207e-25
5.0	5.0	0.135936	5.53918e-25
5.0	5.0	0.158489	6.24881e-25
5.0	5.0	0.184785	7.08788e-25
5.0	5.0	0.215443	8.09178e-25
5.0	5.0	0.251189	9.31075e-25
5.0	5.0	0.292864	1.0814e-24
5.0	5.0	0.341455	1.26986e-24
5.0	5.0	0.398107	1.50986e-24
5.0	5.0	0.464159	1.82015e-24
5.0	5.0	0.54117	2.22723e-24
5.0	5.0	0.630957	2.768e-24
5.0	5.0	0.735642	3.49752e-24
5.0	5.0	0.857696	4.4958e-24
5.0	5.0	1	5.88904e-24
5.0	50.0	0.01	1.09969e-26
5.0	50.0	0.0116591	1.19002e-26
5.0	50.0	0.0135936	1.29074e-26
5.0	50.0	0.0158489	1.40253e-26
5.0	50.0	0.0184785	1.52672e-26
5.0	50.0	0.0215443	1.66551e-26
5.0	50.0	0.0251189	1.82145e-26
5.0	50.0	0.0292864	1.99641e-26
5.0	50.0	0.0341455	2.19151e-26
5.0	50.0	0.0398107	2.40678e-26
5.0	50.0	0.0464159	2.62993e-26
5.0	50.0	0.054117	2.93944e-26
5.0	50.0	0.0630957	3.26018e-26
5.0	50.0	0.0735642	3.62384e-26
5.0	50.0	0.0857696	4.03391e-26
5.0	50.0	0.1	4.50837e-26
5.0	50.0	0.116591	5.05044e-26
5.0	50.0	0.135936	5.68162e-26
5.0	50.0	0.158489	6.40523e-26
5.0	50.0	0.184785	7.27926e-26
5.0	50.0	0.215443	8.32871e-26
5.0	50.0	0.251189	9.57967e-26
5.0	50.0	0.292864	1.11421e-25
5.0	50.0	0.341455	1.307e-25
5.0	50.0	0.398107	1.55047e-25
5.0	50.0	0.464159	1.86838e-25
5.0	50.0	0.54117	2.25799e-25
5.0	50.0	0.630957	2.80978e-25
5.0	50.0	0.735642	3.50732e-25
5.0	50.0	0.857696	4.46257e-25
5.0	50.0	1	5.70035e-25