#r0[m]	z0[m]	uref[m/s]	f[Hz]	noise[Hz^-1/2]
5.0	0.01	1.0	1.0	9.29609e-25
5.0	0.01	1.0	1.04713	7.0431e-25
5.0	0.01	1.0	1.09648	5.32516e-25
5.0	0.01	1.0	1.14815	4.01676e-25
5.0	0.01	1.0	1.20226	3.02162e-25
5.0	0.01	1.0	1.25893	2.26681e-25
5.0	0.01	1.0	1.31826	1.69604e-25
5.0	0.01	1.0	1.38038	1.26594e-25
5.0	0.01	1.0	1.44544	9.43084e-26
5.0	0.01	1.0	1.51356	7.01694e-26
5.0	0.01	1.0	1.58489	5.21872e-26
5.0	0.01	1.0	1.65959	3.88342e-26
5.0	0.01	1.0	1.7378	2.89436e-26
5.0	0.01	1.0	1.8197	2.16279e-26
5.0	0.01	1.0	1.90546	1.62166e-26
5.0	0.01	1.0	1.99526	1.22065e-26
5.0	0.01	1.0	2.0893	9.22479e-27
5.0	0.01	1.0	2.18776	6.99655e-27
5.0	0.01	1.0	2.29087	5.32154e-27
5.0	0.01	1.0	2.39883	4.05466e-27
5.0	0.01	1.0	2.51189	3.09132e-27
5.0	0.01	1.0	2.63027	2.35548e-27
5.0	0.01	1.0	2.75423	1.79197e-27
5.0	0.01	1.0	2.88403	1.36018e-27
5.0	0.01	1.0	3.01995	1.02956e-27
5.0	0.01	1.0	3.16228	7.76901e-28
5.0	0.01	1.0	3.31131	5.84406e-28
5.0	0.01	1.0	3.46737	4.38236e-28
5.0	0.01	1.0	3.63078	3.27593e-28
5.0	0.01	1.0	3.80189	2.44121e-28
5.0	0.01	1.0	3.98107	1.81284e-28
5.0	0.01	1.0	4.16869	1.34091e-28
5.0	0.01	1.0	4.36516	9.87186e-29
5.0	0.01	5.0	1.0	7.75883e-23
5.0	0.01	5.0	1.04713	5.90831e-23
5.0	0.01	5.0	1.09648	4.6065e-23
5.0	0.01	5.0	1.14815	3.64908e-23
5.0	0.01	5.0	1.20226	2.91922e-23
5.0	0.01	5.0	1.25893	2.34801e-23
5.0	0.01	5.0	1.31826	1.89368e-23
5.0	0.01	5.0	1.38038	1.52893e-23
5.0	0.01	5.0	1.44544	1.23462e-23
5.0	0.01	5.0	1.51356	9.96504e-24
5.0	0.01	5.0	1.58489	8.03728e-24
5.0	0.01	5.0	1.65959	6.47523e-24
5.0	0.01	5.0	1.7378	5.20987e-24
5.0	0.01	5.0	1.8197	4.1851e-24
5.0	0.01	5.0	1.90546	3.35578e-24
5.0	0.01	5.0	1.99526	2.68503e-24
5.0	0.01	5.0	2.0893	2.14349e-24
5.0	0.01	5.0	2.18776	1.70658e-24
5.0	0.01	5.0	2.29087	1.35472e-24
5.0	0.01	5.0	2.39883	1.07201e-24
5.0	0.01	5.0	2.51189	8.45383e-25
5.0	0.01	5.0	2.63027	6.64221e-25
5.0	0.01	5.0	2.75423	5.19897e-25
5.0	0.01	5.0	2.88403	4.05326e-25
5.0	0.01	5.0	3.01995	3.14797e-25
5.0	0.01	5.0	3.16228	2.43539e-25
5.0	0.01	5.0	3.31131	1.87736e-25
5.0	0.01	5.0	3.46737	1.44253e-25
5.0	0.01	5.0	3.63078	1.10526e-25
5.0	0.01	5.0	3.80189	8.44895e-26
5.0	0.01	5.0	3.98107	6.44718e-26
5.0	0.01	5.0	4.16869	4.91269e-26
5.0	0.01	5.0	4.36516	3.74e-26
5.0	0.01	5.0	4.57088	2.84451e-26
5.0	0.01	5.0	4.7863	2.16124e-26
5.0	0.01	5.0	5.01187	1.63993e-26
5.0	0.01	5.0	5.24807	1.24249e-26
5.0	0.01	5.0	5.49541	9.39278e-27
5.0	0.01	5.0	5.7544	7.08413e-27
5.0	0.01	5.0	6.0256	5.3285e-27
5.0	0.01	5.0	6.30957	3.99633e-27
5.0	0.01	5.0	6.60693	2.9895e-27
5.0	0.01	5.0	6.91831	2.23155e-27
5.0	0.01	5.0	7.24436	1.6622e-27
5.0	0.01	5.0	7.58578	1.2367e-27
5.0	0.01	5.0	7.94328	9.19632e-28
5.0	0.01	5.0	8.31764	6.84547e-28
5.0	0.01	5.0	8.70964	5.10013e-28
5.0	0.01	5.0	9.12011	3.81247e-28
5.0	0.01	5.0	9.54993	2.85981e-28
5.0	0.01	5.0	10.0	2.15303e-28
5.0	0.01	10.0	1.0	7.71611e-21
5.0	0.01	10.0	1.04713	5.54435e-21
5.0	0.01	10.0	1.09648	3.95656e-21
5.0	0.01	10.0	1.14815	2.80387e-21
5.0	0.01	10.0	1.20226	1.97247e-21
5.0	0.01	10.0	1.25893	1.37733e-21
5.0	0.01	10.0	1.31826	9.54422e-22
5.0	0.01	10.0	1.38038	6.56266e-22
5.0	0.01	10.0	1.44544	4.47735e-22
5.0	0.01	10.0	1.51356	3.03056e-22
5.0	0.01	10.0	1.58489	2.03581e-22
5.0	0.01	10.0	1.65959	1.35782e-22
5.0	0.01	10.0	1.7378	9.00142e-23
5.0	0.01	10.0	1.8197	5.94323e-23
5.0	0.01	10.0	1.90546	3.92021e-23
5.0	0.01	10.0	1.99526	2.59704e-23
5.0	0.01	10.0	2.0893	1.74087e-23
5.0	0.01	10.0	2.18776	1.19164e-23
5.0	0.01	10.0	2.29087	8.39748e-24
5.0	0.01	10.0	2.39883	6.12256e-24
5.0	0.01	10.0	2.51189	4.61185e-24
5.0	0.01	10.0	2.63027	3.56614e-24
5.0	0.01	10.0	2.75423	2.80832e-24
5.0	0.01	10.0	2.88403	2.23736e-24
5.0	0.01	10.0	3.01995	1.7932e-24
5.0	0.01	10.0	3.16228	1.44116e-24
5.0	0.01	10.0	3.31131	1.15913e-24
5.0	0.01	10.0	3.46737	9.31968e-25
5.0	0.01	10.0	3.63078	7.48453e-25
5.0	0.01	10.0	3.80189	6.00102e-25
5.0	0.01	10.0	3.98107	4.80198e-25
5.0	0.01	10.0	4.16869	3.83362e-25
5.0	0.01	10.0	4.36516	3.05264e-25
5.0	0.01	10.0	4.57088	2.42368e-25
5.0	0.01	10.0	4.7863	1.91811e-25
5.0	0.01	10.0	5.01187	1.5128e-25
5.0	0.01	10.0	5.24807	1.18889e-25
5.0	0.01	10.0	5.49541	9.3079e-26
5.0	0.01	10.0	5.7544	7.25861e-26
5.0	0.01	10.0	6.0256	5.63824e-26
5.0	0.01	10.0	6.30957	4.36288e-26
5.0	0.01	10.0	6.60693	3.36385e-26
5.0	0.01	10.0	6.91831	2.58507e-26
5.0	0.01	10.0	7.24436	1.9809e-26
5.0	0.01	10.0	7.58578	1.51447e-26
5.0	0.01	10.0	7.94328	1.15572e-26
5.0	0.01	10.0	8.31764	8.80774e-27
5.0	0.01	10.0	8.70964	6.70518e-27
5.0	0.01	10.0	9.12011	5.09554e-27
5.0	0.01	10.0	9.54993	3.87519e-27
5.0	0.01	10.0	10.0	2.94065e-27
5.0	0.01	30.0	1.0	3.85767e-19
5.0	0.01	30.0	1.04373	3.15278e-19
5.0	0.01	30.0	1.08936	2.57088e-19
5.0	0.01	30.0	1.13699	2.0918e-19
5.0	0.01	30.0	1.18671	1.69794e-19
5.0	0.01	30.0	1.2386	1.37492e-19
5.0	0.01	30.0	1.29276	1.11058e-19
5.0	0.01	30.0	1.34928	8.94709e-20
5.0	0.01	30.0	1.40828	7.18876e-20
5.0	0.01	30.0	1.46986	5.76026e-20
5.0	0.01	30.0	1.53413	4.60254e-20
5.0	0.01	30.0	1.60121	3.66696e-20
5.0	0.01	30.0	1.67122	2.9127e-20
5.0	0.01	30.0	1.74429	2.3064e-20
5.0	0.01	30.0	1.82056	1.82071e-20
5.0	0.01	30.0	1.90017	1.43243e-20
5.0	0.01	30.0	1.98325	1.1233e-20
5.0	0.01	30.0	2.06997	8.7788e-21
5.0	0.01	30.0	2.16048	6.8357e-21
5.0	0.01	30.0	2.25495	5.30439e-21
5.0	0.01	30.0	2.35355	4.10034e-21
5.0	0.01	30.0	2.45646	3.15821e-21
5.0	0.01	30.0	2.56386	2.42268e-21
5.0	0.01	30.0	2.67597	1.85132e-21
5.0	0.01	30.0	2.79298	1.40889e-21
5.0	0.01	30.0	2.9151	1.0676e-21
5.0	0.01	30.0	3.04256	8.05488e-22
5.0	0.01	30.0	3.1756	6.05053e-22
5.0	0.01	30.0	3.31445	4.52455e-22
5.0	0.01	30.0	3.45938	3.36722e-22
5.0	0.01	30.0	3.61064	2.49348e-22
5.0	0.01	30.0	3.76852	1.83762e-22
5.0	0.01	30.0	3.9333	1.34706e-22
5.0	0.01	30.0	4.10528	9.82169e-23
5.0	0.01	30.0	4.28478	7.12157e-23
5.0	0.01	30.0	4.47214	5.13413e-23
5.0	0.01	30.0	4.66768	3.67964e-23
5.0	0.01	30.0	4.87178	2.62083e-23
5.0	0.01	30.0	5.08479	1.85506e-23
5.0	0.01	30.0	5.30713	1.30461e-23
5.0	0.01	30.0	5.53918	9.11705e-24
5.0	0.01	30.0	5.78138	6.32875e-24
5.0	0.01	30.0	6.03418	4.36625e-24
5.0	0.01	30.0	6.29802	2.99413e-24
5.0	0.01	30.0	6.5734	2.04258e-24
5.0	0.01	30.0	6.86083	1.38887e-24
5.0	0.01	30.0	7.16082	9.42936e-25
5.0	0.01	30.0	7.47392	6.41994e-25
5.0	0.01	30.0	7.80072	4.40317e-25
5.0	0.01	30.0	8.14181	3.06583e-25
5.0	0.01	30.0	8.49781	2.1808e-25
5.0	0.01	30.0	8.86938	1.59351e-25
5.0	0.01	30.0	9.2572	1.1982e-25
5.0	0.01	30.0	9.66197	9.23971e-26
5.0	0.01	30.0	10.0844	7.27857e-26
5.0	0.01	30.0	10.5254	5.80425e-26
5.0	0.01	30.0	10.9856	4.67649e-26
5.0	0.01	30.0	11.466	3.78163e-26
5.0	0.01	30.0	11.9673	3.06201e-26
5.0	0.01	30.0	12.4906	2.47887e-26
5.0	0.01	30.0	13.0367	2.00433e-26
5.0	0.01	30.0	13.6068	1.61713e-26
5.0	0.01	30.0	14.2017	1.3019e-26
5.0	0.01	30.0	14.8227	1.04506e-26
5.0	0.01	30.0	15.4708	8.36342e-27
5.0	0.01	30.0	16.1473	6.66443e-27
5.0	0.01	30.0	16.8533	5.30351e-27
5.0	0.01	30.0	17.5902	4.20295e-27
5.0	0.01	30.0	18.3594	3.31794e-27
5.0	0.01	30.0	19.1621	2.61181e-27
5.0	0.01	30.0	20.0	2.05015e-27
5.0	0.1	1.0	1.0	9.5786e-26
5.0	0.1	1.0	1.04713	7.26493e-26
5.0	0.1	1.0	1.09648	5.5101e-26
5.0	0.1	1.0	1.14815	4.17922e-26
5.0	0.1	1.0	1.20226	3.16954e-26
5.0	0.1	1.0	1.25893	2.40386e-26
5.0	0.1	1.0	1.31826	1.82297e-26
5.0	0.1	1.0	1.38038	1.38243e-26
5.0	0.1	1.0	1.44544	1.04823e-26
5.0	0.1	1.0	1.51356	7.94726e-27
5.0	0.1	1.0	1.58489	6.02431e-27
5.0	0.1	1.0	1.65959	4.56549e-27
5.0	0.1	1.0	1.7378	3.45879e-27
5.0	0.1	1.0	1.8197	2.6193e-27
5.0	0.1	1.0	1.90546	1.9825e-27
5.0	0.1	1.0	1.99526	1.49941e-27
5.0	0.1	1.0	2.0893	1.13304e-27
5.0	0.1	1.0	2.18776	8.5516e-28
5.0	0.1	1.0	2.29087	6.44467e-28
5.0	0.1	1.0	2.39883	4.84805e-28
5.0	0.1	1.0	2.51189	3.63852e-28
5.0	0.1	1.0	2.63027	2.72311e-28
5.0	0.1	1.0	2.75423	2.03101e-28
5.0	0.1	1.0	2.88403	1.50858e-28
5.0	0.1	1.0	3.01995	1.1151e-28
5.0	0.1	1.0	3.16228	8.195e-29
5.0	0.1	5.0	1.0	8.67175e-23
5.0	0.1	5.0	1.04713	5.54512e-23
5.0	0.1	5.0	1.09648	3.5464e-23
5.0	0.1	5.0	1.14815	2.27959e-23
5.0	0.1	5.0	1.20226	1.48189e-23
5.0	0.1	5.0	1.25893	9.8061e-24
5.0	0.1	5.0	1.31826	6.64095e-24
5.0	0.1	5.0	1.38038	4.61661e-24
5.0	0.1	5.0	1.44544	3.29308e-24
5.0	0.1	5.0	1.51356	2.40081e-24
5.0	0.1	5.0	1.58489	1.78059e-24
5.0	0.1	5.0	1.65959	1.33673e-24
5.0	0.1	5.0	1.7378	1.01157e-24
5.0	0.1	5.0	1.8197	7.69148e-25
5.0	0.1	5.0	1.90546	5.86163e-25
5.0	0.1	5.0	1.99526	4.46979e-25
5.0	0.1	5.0	2.0893	3.40685e-25
5.0	0.1	5.0	2.18776	2.59316e-25
5.0	0.1	5.0	2.29087	1.97075e-25
5.0	0.1	5.0	2.39883	1.49549e-25
5.0	0.1	5.0	2.51189	1.13346e-25
5.0	0.1	5.0	2.63027	8.58419e-26
5.0	0.1	5.0	2.75423	6.49924e-26
5.0	0.1	5.0	2.88403	4.92113e-26
5.0	0.1	5.0	3.01995	3.72763e-26
5.0	0.1	5.0	3.16228	2.82514e-26
5.0	0.1	5.0	3.31131	2.14193e-26
5.0	0.1	5.0	3.46737	1.62454e-26
5.0	0.1	5.0	3.63078	1.23222e-26
5.0	0.1	5.0	3.80189	9.34676e-27
5.0	0.1	5.0	3.98107	7.08954e-27
5.0	0.1	5.0	4.16869	5.37648e-27
5.0	0.1	5.0	4.36516	4.07762e-27
5.0	0.1	5.0	4.57088	3.09248e-27
5.0	0.1	5.0	4.7863	2.34528e-27
5.0	0.1	5.0	5.01187	1.77866e-27
5.0	0.1	5.0	5.24807	1.34898e-27
5.0	0.1	5.0	5.49541	1.02309e-27
5.0	0.1	5.0	5.7544	7.75899e-28
5.0	0.1	5.0	6.0256	5.88404e-28
5.0	0.1	5.0	6.30957	4.46206e-28
5.0	0.1	5.0	6.60693	3.38342e-28
5.0	0.1	5.0	6.91831	2.56518e-28
5.0	0.1	5.0	7.24436	1.94455e-28
5.0	0.1	5.0	7.58578	1.47378e-28
5.0	0.1	5.0	7.94328	1.11685e-28
5.0	0.1	5.0	8.31764	8.46004e-29
5.0	0.1	10.0	1.0	1.18301e-20
5.0	0.1	10.0	1.04713	8.69545e-21
5.0	0.1	10.0	1.09648	6.35687e-21
5.0	0.1	10.0	1.14815	4.62145e-21
5.0	0.1	10.0	1.20226	3.34017e-21
5.0	0.1	10.0	1.25893	2.39954e-21
5.0	0.1	10.0	1.31826	1.71297e-21
5.0	0.1	10.0	1.38038	1.21476e-21
5.0	0.1	10.0	1.44544	8.55546e-22
5.0	0.1	10.0	1.51356	5.98237e-22
5.0	0.1	10.0	1.58489	4.15212e-22
5.0	0.1	10.0	1.65959	2.85964e-22
5.0	0.1	10.0	1.7378	1.95329e-22
5.0	0.1	10.0	1.8197	1.32297e-22
5.0	0.1	10.0	1.90546	8.88252e-23
5.0	0.1	10.0	1.99526	5.90903e-23
5.0	0.1	10.0	2.0893	3.89421e-23
5.0	0.1	10.0	2.18776	2.5415e-23
5.0	0.1	10.0	2.29087	1.64189e-23
5.0	0.1	10.0	2.39883	1.05027e-23
5.0	0.1	10.0	2.51189	6.65173e-24
5.0	0.1	10.0	2.63027	4.17283e-24
5.0	0.1	10.0	2.75423	2.59656e-24
5.0	0.1	10.0	2.88403	1.60616e-24
5.0	0.1	10.0	3.01995	9.92232e-25
5.0	0.1	10.0	3.16228	6.16107e-25
5.0	0.1	10.0	3.31131	3.88541e-25
5.0	0.1	10.0	3.46737	2.51767e-25
5.0	0.1	10.0	3.63078	1.69166e-25
5.0	0.1	10.0	3.80189	1.18174e-25
5.0	0.1	10.0	3.98107	8.53066e-26
5.0	0.1	10.0	4.16869	6.30159e-26
5.0	0.1	10.0	4.36516	4.71884e-26
5.0	0.1	10.0	4.57088	3.55745e-26
5.0	0.1	10.0	4.7863	2.68936e-26
5.0	0.1	10.0	5.01187	2.03486e-26
5.0	0.1	10.0	5.24807	1.54013e-26
5.0	0.1	10.0	5.49541	1.16566e-26
5.0	0.1	10.0	5.7544	8.82553e-27
5.0	0.1	10.0	6.0256	6.68476e-27
5.0	0.1	10.0	6.30957	5.06592e-27
5.0	0.1	10.0	6.60693	3.84085e-27
5.0	0.1	10.0	6.91831	2.91298e-27
5.0	0.1	10.0	7.24436	2.20937e-27
5.0	0.1	10.0	7.58578	1.67597e-27
5.0	0.1	10.0	7.94328	1.27117e-27
5.0	0.1	10.0	8.31764	9.64106e-28
5.0	0.1	10.0	8.70964	7.30949e-28
5.0	0.1	10.0	9.12011	5.54409e-28
5.0	0.1	10.0	9.54993	4.20531e-28
5.0	0.1	10.0	10.0	3.18936e-28
5.0	0.1	20.0	1.0	1.67342e-19
5.0	0.1	20.0	1.04713	1.31923e-19
5.0	0.1	20.0	1.09648	1.03712e-19
5.0	0.1	20.0	1.14815	8.13005e-20
5.0	0.1	20.0	1.20226	6.35457e-20
5.0	0.1	20.0	1.25893	4.95185e-20
5.0	0.1	20.0	1.31826	3.84709e-20
5.0	0.1	20.0	1.38038	2.97914e-20
5.0	0.1	20.0	1.44544	2.29955e-20
5.0	0.1	20.0	1.51356	1.76901e-20
5.0	0.1	20.0	1.58489	1.35624e-20
5.0	0.1	20.0	1.65959	1.03601e-20
5.0	0.1	20.0	1.7378	7.88551e-21
5.0	0.1	20.0	1.8197	5.97836e-21
5.0	0.1	20.0	1.90546	4.51501e-21
5.0	0.1	20.0	1.99526	3.39566e-21
5.0	0.1	20.0	2.0893	2.5428e-21
5.0	0.1	20.0	2.18776	1.89573e-21
5.0	0.1	20.0	2.29087	1.40692e-21
5.0	0.1	20.0	2.39883	1.03901e-21
5.0	0.1	20.0	2.51189	7.63541e-22
5.0	0.1	20.0	2.63027	5.58092e-22
5.0	0.1	20.0	2.75423	4.05722e-22
5.0	0.1	20.0	2.88403	2.9333e-22
5.0	0.1	20.0	3.01995	2.10773e-22
5.0	0.1	20.0	3.16228	1.5052e-22
5.0	0.1	20.0	3.31131	1.06787e-22
5.0	0.1	20.0	3.46737	7.52574e-23
5.0	0.1	20.0	3.63078	5.26668e-23
5.0	0.1	20.0	3.80189	3.65819e-23
5.0	0.1	20.0	3.98107	2.52107e-23
5.0	0.1	20.0	4.16869	1.72396e-23
5.0	0.1	20.0	4.36516	1.16878e-23
5.0	0.1	20.0	4.57088	7.85563e-24
5.0	0.1	20.0	4.7863	5.23093e-24
5.0	0.1	20.0	5.01187	3.45113e-24
5.0	0.1	20.0	5.24807	2.25411e-24
5.0	0.1	20.0	5.49541	1.45705e-24
5.0	0.1	20.0	5.7544	9.32158e-25
5.0	0.1	20.0	6.0256	5.89938e-25
5.0	0.1	20.0	6.30957	3.6929e-25
5.0	0.1	20.0	6.60693	2.28757e-25
5.0	0.1	20.0	6.91831	1.40403e-25
5.0	0.1	20.0	7.24436	8.55714e-26
5.0	0.1	20.0	7.58578	5.19452e-26
5.0	0.1	20.0	7.94328	3.16202e-26
5.0	0.1	20.0	8.31764	1.9505e-26
5.0	0.1	20.0	8.70964	1.23358e-26
5.0	0.1	20.0	9.12011	8.08332e-27
5.0	0.1	20.0	9.54993	5.53286e-27
5.0	0.1	20.0	10.0	3.92607e-27
5.0	0.1	30.0	1.0	4.82326e-19
5.0	0.1	30.0	1.04373	3.953e-19
5.0	0.1	30.0	1.08936	3.2333e-19
5.0	0.1	30.0	1.13699	2.64016e-19
5.0	0.1	30.0	1.18671	2.15154e-19
5.0	0.1	30.0	1.2386	1.75e-19
5.0	0.1	30.0	1.29276	1.42068e-19
5.0	0.1	30.0	1.34928	1.1509e-19
5.0	0.1	30.0	1.40828	9.30411e-20
5.0	0.1	30.0	1.46986	7.5067e-20
5.0	0.1	30.0	1.53413	6.04321e-20
5.0	0.1	30.0	1.60121	4.8543e-20
5.0	0.1	30.0	1.67122	3.89057e-20
5.0	0.1	30.0	1.74429	3.11116e-20
5.0	0.1	30.0	1.82056	2.48224e-20
5.0	0.1	30.0	1.90017	1.97548e-20
5.0	0.1	30.0	1.98325	1.56837e-20
5.0	0.1	30.0	2.06997	1.2422e-20
5.0	0.1	30.0	2.16048	9.81215e-21
5.0	0.1	30.0	2.25495	7.73062e-21
5.0	0.1	30.0	2.35355	6.0741e-21
5.0	0.1	30.0	2.45646	4.75958e-21
5.0	0.1	30.0	2.56386	3.71828e-21
5.0	0.1	30.0	2.67597	2.89644e-21
5.0	0.1	30.0	2.79298	2.2495e-21
5.0	0.1	30.0	2.9151	1.74113e-21
5.0	0.1	30.0	3.04256	1.3434e-21
5.0	0.1	30.0	3.1756	1.03299e-21
5.0	0.1	30.0	3.31445	7.91541e-22
5.0	0.1	30.0	3.45938	6.04248e-22
5.0	0.1	30.0	3.61064	4.59533e-22
5.0	0.1	30.0	3.76852	3.48109e-22
5.0	0.1	30.0	3.9333	2.62583e-22
5.0	0.1	30.0	4.10528	1.97258e-22
5.0	0.1	30.0	4.28478	1.47512e-22
5.0	0.1	30.0	4.47214	1.09807e-22
5.0	0.1	30.0	4.66768	8.13316e-23
5.0	0.1	30.0	4.87178	5.99501e-23
5.0	0.1	30.0	5.08479	4.39583e-23
5.0	0.1	30.0	5.30713	3.20563e-23
5.0	0.1	30.0	5.53918	2.32466e-23
5.0	0.1	30.0	5.78138	1.67511e-23
5.0	0.1	30.0	6.03418	1.20036e-23
5.0	0.1	30.0	6.29802	8.54355e-24
5.0	0.1	30.0	6.5734	6.04143e-24
5.0	0.1	30.0	6.86083	4.24516e-24
5.0	0.1	30.0	7.16082	2.96021e-24
5.0	0.1	30.0	7.47392	2.04832e-24
5.0	0.1	30.0	7.80072	1.40531e-24
5.0	0.1	30.0	8.14181	9.58137e-25
5.0	0.1	30.0	8.49781	6.47006e-25
5.0	0.1	30.0	8.86938	4.33256e-25
5.0	0.1	30.0	9.2572	2.87447e-25
5.0	0.1	30.0	9.66197	1.88929e-25
5.0	0.1	30.0	10.0844	1.23027e-25
5.0	0.1	30.0	10.5254	7.91879e-26
5.0	0.1	30.0	10.9856	5.07209e-26
5.0	0.1	30.0	11.466	3.21238e-26
5.0	0.1	30.0	11.9673	2.01788e-26
5.0	0.1	30.0	12.4906	1.26284e-26
5.0	0.1	30.0	13.0367	7.88518e-27
5.0	0.1	30.0	13.6068	4.94817e-27
5.0	0.1	30.0	14.2017	3.1491e-27
5.0	0.1	30.0	14.8227	2.05582e-27
5.0	0.1	30.0	15.4708	1.38824e-27
5.0	0.1	30.0	16.1473	9.71678e-28
5.0	0.1	30.0	16.8533	7.03492e-28
5.0	0.1	30.0	17.5902	5.25368e-28
5.0	0.1	30.0	18.3594	3.97962e-28
5.0	0.1	30.0	19.1621	3.04471e-28
5.0	0.1	30.0	20.0	2.34343e-28
5.0	1.0	5.0	1.0	1.04459e-21
5.0	1.0	5.0	1.04713	7.22327e-22
5.0	1.0	5.0	1.09648	4.95442e-22
5.0	1.0	5.0	1.14815	3.36915e-22
5.0	1.0	5.0	1.20226	2.27084e-22
5.0	1.0	5.0	1.25893	1.51633e-22
5.0	1.0	5.0	1.31826	1.00277e-22
5.0	1.0	5.0	1.38038	6.56365e-23
5.0	1.0	5.0	1.44544	4.25104e-23
5.0	1.0	5.0	1.51356	2.72272e-23
5.0	1.0	5.0	1.58489	1.72381e-23
5.0	1.0	5.0	1.65959	1.07829e-23
5.0	1.0	5.0	1.7378	6.66024e-24
5.0	1.0	5.0	1.8197	4.06044e-24
5.0	1.0	5.0	1.90546	2.4421e-24
5.0	1.0	5.0	1.99526	1.44871e-24
5.0	1.0	5.0	2.0893	8.47534e-25
5.0	1.0	5.0	2.18776	4.89217e-25
5.0	1.0	5.0	2.29087	2.79087e-25
5.0	1.0	5.0	2.39883	1.57912e-25
5.0	1.0	5.0	2.51189	8.93269e-26
5.0	1.0	5.0	2.63027	5.12453e-26
5.0	1.0	5.0	2.75423	3.04464e-26
5.0	1.0	5.0	2.88403	1.91551e-26
5.0	1.0	5.0	3.01995	1.28631e-26
5.0	1.0	5.0	3.16228	9.12494e-27
5.0	1.0	5.0	3.31131	6.69791e-27
5.0	1.0	5.0	3.46737	5.00633e-27
5.0	1.0	5.0	3.63078	3.77267e-27
5.0	1.0	5.0	3.80189	2.8531e-27
5.0	1.0	5.0	3.98107	2.16068e-27
5.0	1.0	5.0	4.16869	1.6372e-27
5.0	1.0	5.0	4.36516	1.24083e-27
5.0	1.0	5.0	4.57088	9.40533e-28
5.0	1.0	5.0	4.7863	7.12969e-28
5.0	1.0	5.0	5.01187	5.40471e-28
5.0	1.0	5.0	5.24807	4.09728e-28
5.0	1.0	5.0	5.49541	3.10614e-28
5.0	1.0	5.0	5.7544	2.35475e-28
5.0	1.0	5.0	6.0256	1.78502e-28
5.0	1.0	5.0	6.30957	1.35312e-28
5.0	1.0	5.0	6.60693	1.02558e-28
5.0	1.0	5.0	6.91831	7.77206e-29
5.0	1.0	10.0	1.0	4.43159e-20
5.0	1.0	10.0	1.04713	3.42198e-20
5.0	1.0	10.0	1.09648	2.63356e-20
5.0	1.0	10.0	1.14815	2.0201e-20
5.0	1.0	10.0	1.20226	1.54387e-20
5.0	1.0	10.0	1.25893	1.17554e-20
5.0	1.0	10.0	1.31826	8.91684e-21
5.0	1.0	10.0	1.38038	6.73619e-21
5.0	1.0	10.0	1.44544	5.06772e-21
5.0	1.0	10.0	1.51356	3.79574e-21
5.0	1.0	10.0	1.58489	2.82984e-21
5.0	1.0	10.0	1.65959	2.09977e-21
5.0	1.0	10.0	1.7378	1.55035e-21
5.0	1.0	10.0	1.8197	1.13872e-21
5.0	1.0	10.0	1.90546	8.31838e-22
5.0	1.0	10.0	1.99526	6.04234e-22
5.0	1.0	10.0	2.0893	4.36336e-22
5.0	1.0	10.0	2.18776	3.1314e-22
5.0	1.0	10.0	2.29087	2.23281e-22
5.0	1.0	10.0	2.39883	1.58143e-22
5.0	1.0	10.0	2.51189	1.11218e-22
5.0	1.0	10.0	2.63027	7.7648e-23
5.0	1.0	10.0	2.75423	5.37953e-23
5.0	1.0	10.0	2.88403	3.69726e-23
5.0	1.0	10.0	3.01995	2.51985e-23
5.0	1.0	10.0	3.16228	1.70234e-23
5.0	1.0	10.0	3.31131	1.13958e-23
5.0	1.0	10.0	3.46737	7.55603e-24
5.0	1.0	10.0	3.63078	4.96023e-24
5.0	1.0	10.0	3.80189	3.22218e-24
5.0	1.0	10.0	3.98107	2.07051e-24
5.0	1.0	10.0	4.16869	1.31523e-24
5.0	1.0	10.0	4.36516	8.25647e-25
5.0	1.0	10.0	4.57088	5.11839e-25
5.0	1.0	10.0	4.7863	3.1311e-25
5.0	1.0	10.0	5.01187	1.8896e-25
5.0	1.0	10.0	5.24807	1.12501e-25
5.0	1.0	10.0	5.49541	6.59687e-26
5.0	1.0	10.0	5.7544	3.81094e-26
5.0	1.0	10.0	6.0256	2.16741e-26
5.0	1.0	10.0	6.30957	1.2138e-26
5.0	1.0	10.0	6.60693	6.70109e-27
5.0	1.0	10.0	6.91831	3.6576e-27
5.0	1.0	10.0	7.24436	1.98892e-27
5.0	1.0	10.0	7.58578	1.09342e-27
5.0	1.0	10.0	7.94328	6.23656e-28
5.0	1.0	10.0	8.31764	3.80205e-28
5.0	1.0	10.0	8.70964	2.51163e-28
5.0	1.0	10.0	9.12011	1.77348e-28
5.0	1.0	10.0	9.54993	1.30317e-28
5.0	1.0	10.0	10.0	9.75672e-29
5.0	1.0	30.0	1.0	9.00763e-19
5.0	1.0	30.0	1.04373	7.46469e-19
5.0	1.0	30.0	1.08936	6.17968e-19
5.0	1.0	30.0	1.13699	5.11135e-19
5.0	1.0	30.0	1.18671	4.22247e-19
5.0	1.0	30.0	1.2386	3.48537e-19
5.0	1.0	30.0	1.29276	2.87352e-19
5.0	1.0	30.0	1.34928	2.36658e-19
5.0	1.0	30.0	1.40828	1.94688e-19
5.0	1.0	30.0	1.46986	1.59987e-19
5.0	1.0	30.0	1.53413	1.31297e-19
5.0	1.0	30.0	1.60121	1.07632e-19
5.0	1.0	30.0	1.67122	8.81225e-20
5.0	1.0	30.0	1.74429	7.20533e-20
5.0	1.0	30.0	1.82056	5.88385e-20
5.0	1.0	30.0	1.90017	4.79798e-20
5.0	1.0	30.0	1.98325	3.90701e-20
5.0	1.0	30.0	2.06997	3.17718e-20
5.0	1.0	30.0	2.16048	2.5796e-20
5.0	1.0	30.0	2.25495	2.09112e-20
5.0	1.0	30.0	2.35355	1.69248e-20
5.0	1.0	30.0	2.45646	1.36762e-20
5.0	1.0	30.0	2.56386	1.10318e-20
5.0	1.0	30.0	2.67597	8.882e-21
5.0	1.0	30.0	2.79298	7.13894e-21
5.0	1.0	30.0	2.9151	5.72637e-21
5.0	1.0	30.0	3.04256	4.58433e-21
5.0	1.0	30.0	3.1756	3.66282e-21
5.0	1.0	30.0	3.31445	2.9197e-21
5.0	1.0	30.0	3.45938	2.32248e-21
5.0	1.0	30.0	3.61064	1.84329e-21
5.0	1.0	30.0	3.76852	1.45947e-21
5.0	1.0	30.0	3.9333	1.15268e-21
5.0	1.0	30.0	4.10528	9.07965e-22
5.0	1.0	30.0	4.28478	7.13454e-22
5.0	1.0	30.0	4.47214	5.58951e-22
5.0	1.0	30.0	4.66768	4.36688e-22
5.0	1.0	30.0	4.87178	3.40163e-22
5.0	1.0	30.0	5.08479	2.64143e-22
5.0	1.0	30.0	5.30713	2.04456e-22
5.0	1.0	30.0	5.53918	1.57726e-22
5.0	1.0	30.0	5.78138	1.21255e-22
5.0	1.0	30.0	6.03418	9.28965e-23
5.0	1.0	30.0	6.29802	7.08904e-23
5.0	1.0	30.0	6.5734	5.38985e-23
5.0	1.0	30.0	6.86083	4.08023e-23
5.0	1.0	30.0	7.16082	3.07658e-23
5.0	1.0	30.0	7.47392	2.3095e-23
5.0	1.0	30.0	7.80072	1.72568e-23
5.0	1.0	30.0	8.14181	1.28336e-23
5.0	1.0	30.0	8.49781	9.49694e-24
5.0	1.0	30.0	8.86938	6.99209e-24
5.0	1.0	30.0	9.2572	5.12052e-24
5.0	1.0	30.0	9.66197	3.72954e-24
5.0	1.0	30.0	10.0844	2.70035e-24
5.0	1.0	30.0	10.5254	1.94349e-24
5.0	1.0	30.0	10.9856	1.39e-24
5.0	1.0	30.0	11.466	9.87579e-25
5.0	1.0	30.0	11.9673	6.96899e-25
5.0	1.0	30.0	12.4906	4.88359e-25
5.0	1.0	30.0	13.0367	3.39664e-25
5.0	1.0	30.0	13.6068	2.34435e-25
5.0	1.0	30.0	14.2017	1.60491e-25
5.0	1.0	30.0	14.8227	1.0898e-25
5.0	1.0	30.0	15.4708	7.33428e-26
5.0	1.0	30.0	16.1473	4.89192e-26
5.0	1.0	30.0	16.8533	3.2321e-26
5.0	1.0	30.0	17.5902	2.11413e-26
5.0	1.0	30.0	18.3594	1.36888e-26
5.0	1.0	30.0	19.1621	8.76678e-27
5.0	1.0	30.0	20.0	5.55281e-27
10.0	0.1	5.0	1.0	1.61511e-23
10.0	0.1	5.0	1.04713	1.20392e-23
10.0	0.1	5.0	1.09648	8.95852e-24
10.0	0.1	5.0	1.14815	6.65926e-24
10.0	0.1	5.0	1.20226	4.94956e-24
10.0	0.1	5.0	1.25893	3.68193e-24
10.0	0.1	5.0	1.31826	2.74406e-24
10.0	0.1	5.0	1.38038	2.05104e-24
10.0	0.1	5.0	1.44544	1.53883e-24
10.0	0.1	5.0	1.51356	1.15924e-24
10.0	0.1	5.0	1.58489	8.76992e-25
10.0	0.1	5.0	1.65959	6.65943e-25
10.0	0.1	5.0	1.7378	5.0722e-25
10.0	0.1	5.0	1.8197	3.87029e-25
10.0	0.1	5.0	1.90546	2.95561e-25
10.0	0.1	5.0	1.99526	2.25655e-25
10.0	0.1	5.0	2.0893	1.72139e-25
10.0	0.1	5.0	2.18776	1.31104e-25
10.0	0.1	5.0	2.29087	9.96892e-26
10.0	0.1	5.0	2.39883	7.56835e-26
10.0	0.1	5.0	2.51189	5.73865e-26
10.0	0.1	5.0	2.63027	4.34783e-26
10.0	0.1	5.0	2.75423	3.29312e-26
10.0	0.1	5.0	2.88403	2.49442e-26
10.0	0.1	5.0	3.01995	1.89006e-26
10.0	0.1	5.0	3.16228	1.43299e-26
10.0	0.1	5.0	3.31131	1.08664e-26
10.0	0.1	5.0	3.46737	8.2444e-27
10.0	0.1	5.0	3.63078	6.25418e-27
10.0	0.1	5.0	3.80189	4.7456e-27
10.0	0.1	5.0	3.98107	3.60009e-27
10.0	0.1	5.0	4.16869	2.73067e-27
10.0	0.1	5.0	4.36516	2.07136e-27
10.0	0.1	5.0	4.57088	1.57115e-27
10.0	0.1	5.0	4.7863	1.19168e-27
10.0	0.1	5.0	5.01187	9.03869e-28
10.0	0.1	5.0	5.24807	6.85591e-28
10.0	0.1	5.0	5.49541	5.20008e-28
10.0	0.1	5.0	5.7544	3.94412e-28
10.0	0.1	5.0	6.0256	2.99107e-28
10.0	0.1	5.0	6.30957	2.26851e-28
10.0	0.1	5.0	6.60693	1.72026e-28
10.0	0.1	5.0	6.91831	1.30421e-28
10.0	0.1	5.0	7.24436	9.88597e-29
10.0	0.1	10.0	1.0	8.48365e-22
10.0	0.1	10.0	1.04713	5.62921e-22
10.0	0.1	10.0	1.09648	3.70947e-22
10.0	0.1	10.0	1.14815	2.43092e-22
10.0	0.1	10.0	1.20226	1.58684e-22
10.0	0.1	10.0	1.25893	1.03512e-22
10.0	0.1	10.0	1.31826	6.77372e-23
10.0	0.1	10.0	1.38038	4.46983e-23
10.0	0.1	10.0	1.44544	2.99208e-23
10.0	0.1	10.0	1.51356	2.03992e-23
10.0	0.1	10.0	1.58489	1.42213e-23
10.0	0.1	10.0	1.65959	1.01161e-23
10.0	0.1	10.0	1.7378	7.31732e-24
10.0	0.1	10.0	1.8197	5.35743e-24
10.0	0.1	10.0	1.90546	3.95226e-24
10.0	0.1	10.0	1.99526	2.92607e-24
10.0	0.1	10.0	2.0893	2.17144e-24
10.0	0.1	10.0	2.18776	1.612e-24
10.0	0.1	10.0	2.29087	1.19671e-24
10.0	0.1	10.0	2.39883	8.88868e-25
10.0	0.1	10.0	2.51189	6.60981e-25
10.0	0.1	10.0	2.63027	4.925e-25
10.0	0.1	10.0	2.75423	3.6802e-25
10.0	0.1	10.0	2.88403	2.76053e-25
10.0	0.1	10.0	3.01995	2.07929e-25
10.0	0.1	10.0	3.16228	1.57265e-25
10.0	0.1	10.0	3.31131	1.194e-25
10.0	0.1	10.0	3.46737	9.09269e-26
10.0	0.1	10.0	3.63078	6.93716e-26
10.0	0.1	10.0	3.80189	5.29801e-26
10.0	0.1	10.0	3.98107	4.04525e-26
10.0	0.1	10.0	4.16869	3.0858e-26
10.0	0.1	10.0	4.36516	2.35046e-26
10.0	0.1	10.0	4.57088	1.7874e-26
10.0	0.1	10.0	4.7863	1.35703e-26
10.0	0.1	10.0	5.01187	1.02834e-26
10.0	0.1	10.0	5.24807	7.79661e-27
10.0	0.1	10.0	5.49541	5.90517e-27
10.0	0.1	10.0	5.7544	4.47285e-27
10.0	0.1	10.0	6.0256	3.38944e-27
10.0	0.1	10.0	6.30957	2.56949e-27
10.0	0.1	10.0	6.60693	1.94873e-27
10.0	0.1	10.0	6.91831	1.4782e-27
10.0	0.1	10.0	7.24436	1.12123e-27
10.0	0.1	10.0	7.58578	8.50762e-28
10.0	0.1	10.0	7.94328	6.45522e-28
10.0	0.1	10.0	8.31764	4.89677e-28
10.0	0.1	10.0	8.70964	3.71235e-28
10.0	0.1	10.0	9.12011	2.814e-28
10.0	0.1	10.0	9.54993	2.13674e-28
10.0	0.1	10.0	10.0	1.62072e-28
10.0	0.1	20.0	1.0	4.77558e-20
10.0	0.1	20.0	1.04713	3.5776e-20
10.0	0.1	20.0	1.09648	2.66795e-20
10.0	0.1	20.0	1.14815	1.98017e-20
10.0	0.1	20.0	1.20226	1.46253e-20
10.0	0.1	20.0	1.25893	1.0747e-20
10.0	0.1	20.0	1.31826	7.85526e-21
10.0	0.1	20.0	1.38038	5.71012e-21
10.0	0.1	20.0	1.44544	4.12733e-21
10.0	0.1	20.0	1.51356	2.96521e-21
10.0	0.1	20.0	1.58489	2.11732e-21
10.0	0.1	20.0	1.65959	1.50209e-21
10.0	0.1	20.0	1.7378	1.05855e-21
10.0	0.1	20.0	1.8197	7.40757e-22
10.0	0.1	20.0	1.90546	5.14612e-22
10.0	0.1	20.0	1.99526	3.54797e-22
10.0	0.1	20.0	2.0893	2.42724e-22
10.0	0.1	20.0	2.18776	1.64702e-22
10.0	0.1	20.0	2.29087	1.1084e-22
10.0	0.1	20.0	2.39883	7.39427e-23
10.0	0.1	20.0	2.51189	4.89286e-23
10.0	0.1	20.0	2.63027	3.20942e-23
10.0	0.1	20.0	2.75423	2.08802e-23
10.0	0.1	20.0	2.88403	1.3487e-23
10.0	0.1	20.0	3.01995	8.65612e-24
10.0	0.1	20.0	3.16228	5.53543e-24
10.0	0.1	20.0	3.31131	3.53708e-24
10.0	0.1	20.0	3.46737	2.26985e-24
10.0	0.1	20.0	3.63078	1.47082e-24
10.0	0.1	20.0	3.80189	9.68287e-25
10.0	0.1	20.0	3.98107	6.50924e-25
10.0	0.1	20.0	4.16869	4.47918e-25
10.0	0.1	20.0	4.36516	3.14962e-25
10.0	0.1	20.0	4.57088	2.25477e-25
10.0	0.1	20.0	4.7863	1.63871e-25
10.0	0.1	20.0	5.01187	1.20283e-25
10.0	0.1	20.0	5.24807	8.8969e-26
10.0	0.1	20.0	5.49541	6.62562e-26
10.0	0.1	20.0	5.7544	4.95972e-26
10.0	0.1	20.0	6.0256	3.73152e-26
10.0	0.1	20.0	6.30957	2.8205e-26
10.0	0.1	20.0	6.60693	2.14086e-26
10.0	0.1	20.0	6.91831	1.6299e-26
10.0	0.1	20.0	7.24436	1.24355e-26
10.0	0.1	20.0	7.58578	9.49523e-27
10.0	0.1	20.0	7.94328	7.25003e-27
10.0	0.1	20.0	8.31764	5.53175e-27
10.0	0.1	20.0	8.70964	4.21385e-27
10.0	0.1	20.0	9.12011	3.12846e-27
10.0	0.1	20.0	9.54993	2.4333e-27
10.0	0.1	20.0	10.0	1.84513e-27
10.0	0.1	30.0	1.0	2.11482e-19
10.0	0.1	30.0	1.04713	1.64796e-19
10.0	0.1	30.0	1.09648	1.27982e-19
10.0	0.1	30.0	1.14815	9.90674e-20
10.0	0.1	30.0	1.20226	7.64261e-20
10.0	0.1	30.0	1.25893	5.87511e-20
10.0	0.1	30.0	1.31826	4.50077e-20
10.0	0.1	30.0	1.38038	3.43468e-20
10.0	0.1	30.0	1.44544	2.61125e-20
10.0	0.1	30.0	1.51356	1.97758e-20
10.0	0.1	30.0	1.58489	1.49161e-20
10.0	0.1	30.0	1.65959	1.12022e-20
10.0	0.1	30.0	1.7378	8.37788e-21
10.0	0.1	30.0	1.8197	6.23775e-21
10.0	0.1	30.0	1.90546	4.62214e-21
10.0	0.1	30.0	1.99526	3.40826e-21
10.0	0.1	30.0	2.0893	2.5008e-21
10.0	0.1	30.0	2.18776	1.82529e-21
10.0	0.1	30.0	2.29087	1.32498e-21
10.0	0.1	30.0	2.39883	9.56403e-22
10.0	0.1	30.0	2.51189	6.86161e-22
10.0	0.1	30.0	2.63027	4.89285e-22
10.0	0.1	30.0	2.75423	3.46617e-22
10.0	0.1	30.0	2.88403	2.4393e-22
10.0	0.1	30.0	3.01995	1.70493e-22
10.0	0.1	30.0	3.16228	1.1826e-22
10.0	0.1	30.0	3.31131	8.14177e-23
10.0	0.1	30.0	3.46737	5.56194e-23
10.0	0.1	30.0	3.63078	3.76811e-23
10.0	0.1	30.0	3.80189	2.53121e-23
10.0	0.1	30.0	3.98107	1.68581e-23
10.0	0.1	30.0	4.16869	1.11259e-23
10.0	0.1	30.0	4.36516	7.28088e-24
10.0	0.1	30.0	4.57088	4.72266e-24
10.0	0.1	30.0	4.7863	3.03748e-24
10.0	0.1	30.0	5.01187	1.93905e-24
10.0	0.1	30.0	5.24807	1.23095e-24
10.0	0.1	30.0	5.49541	7.78593e-25
10.0	0.1	30.0	5.7544	4.92661e-25
10.0	0.1	30.0	6.0256	3.13446e-25
10.0	0.1	30.0	6.30957	2.01947e-25
10.0	0.1	30.0	6.60693	1.32506e-25
10.0	0.1	30.0	6.91831	8.90605e-26
10.0	0.1	30.0	7.24436	6.14915e-26
10.0	0.1	30.0	7.58578	4.35315e-26
10.0	0.1	30.0	7.94328	3.14463e-26
10.0	0.1	30.0	8.31764	2.30949e-26
10.0	0.1	30.0	8.70964	1.7159e-26
10.0	0.1	30.0	9.12011	1.27763e-26
10.0	0.1	30.0	9.54993	9.71163e-27
10.0	0.1	30.0	10.0	7.36983e-27
15.0	0.1	10.0	1.0	1.40027e-22
15.0	0.1	10.0	1.04713	1.02334e-22
15.0	0.1	10.0	1.09648	7.58023e-23
15.0	0.1	10.0	1.14815	5.67036e-23
15.0	0.1	10.0	1.20226	4.26862e-23
15.0	0.1	10.0	1.25893	3.22649e-23
15.0	0.1	10.0	1.31826	2.44396e-23
15.0	0.1	10.0	1.38038	1.85318e-23
15.0	0.1	10.0	1.44544	1.40533e-23
15.0	0.1	10.0	1.51356	1.06484e-23
15.0	0.1	10.0	1.58489	8.05876e-24
15.0	0.1	10.0	1.65959	6.08683e-24
15.0	0.1	10.0	1.7378	4.58637e-24
15.0	0.1	10.0	1.8197	3.44691e-24
15.0	0.1	10.0	1.90546	2.58352e-24
15.0	0.1	10.0	1.99526	1.93077e-24
15.0	0.1	10.0	2.0893	1.44037e-24
15.0	0.1	10.0	2.18776	1.07251e-24
15.0	0.1	10.0	2.29087	7.97638e-25
15.0	0.1	10.0	2.39883	5.93066e-25
15.0	0.1	10.0	2.51189	4.41364e-25
15.0	0.1	10.0	2.63027	3.29044e-25
15.0	0.1	10.0	2.75423	2.46005e-25
15.0	0.1	10.0	2.88403	1.84586e-25
15.0	0.1	10.0	3.01995	1.39095e-25
15.0	0.1	10.0	3.16228	1.05237e-25
15.0	0.1	10.0	3.31131	7.98942e-26
15.0	0.1	10.0	3.46737	6.08803e-26
15.0	0.1	10.0	3.63078	4.64416e-26
15.0	0.1	10.0	3.80189	3.54852e-26
15.0	0.1	10.0	3.98107	2.70972e-26
15.0	0.1	10.0	4.16869	2.06725e-26
15.0	0.1	10.0	4.36516	1.57484e-26
15.0	0.1	10.0	4.57088	1.19769e-26
15.0	0.1	10.0	4.7863	9.09367e-27
15.0	0.1	10.0	5.01187	6.87724e-27
15.0	0.1	10.0	5.24807	5.22549e-27
15.0	0.1	10.0	5.49541	3.9578e-27
15.0	0.1	10.0	5.7544	2.99826e-27
15.0	0.1	10.0	6.0256	2.27214e-27
15.0	0.1	10.0	6.30957	1.7227e-27
15.0	0.1	10.0	6.60693	1.30653e-27
15.0	0.1	10.0	6.91831	9.90269e-28
15.0	0.1	10.0	7.24436	7.51293e-28
15.0	0.1	10.0	7.58578	5.70369e-28
15.0	0.1	10.0	7.94328	4.32853e-28
15.0	0.1	10.0	8.31764	3.2837e-28
15.0	0.1	10.0	8.70964	2.48958e-28
15.0	0.1	10.0	9.12011	1.88522e-28
15.0	0.1	10.0	9.54993	1.43288e-28
15.0	0.1	10.0	10.0	1.08693e-28
20.0	0.1	5.0	1.0	8.07793e-24
20.0	0.1	5.0	1.04713	6.02552e-24
20.0	0.1	5.0	1.09648	4.48661e-24
20.0	0.1	5.0	1.14815	3.33685e-24
20.0	0.1	5.0	1.20226	2.48184e-24
20.0	0.1	5.0	1.25893	1.84732e-24
20.0	0.1	5.0	1.31826	1.37765e-24
20.0	0.1	5.0	1.38038	1.03029e-24
20.0	0.1	5.0	1.44544	7.73421e-25
20.0	0.1	5.0	1.51356	5.82814e-25
20.0	0.1	5.0	1.58489	4.40924e-25
20.0	0.1	5.0	1.65959	3.35092e-25
20.0	0.1	5.0	1.7378	2.55352e-25
20.0	0.1	5.0	1.8197	1.94899e-25
20.0	0.1	5.0	1.90546	1.48867e-25
20.0	0.1	5.0	1.99526	1.13677e-25
20.0	0.1	5.0	2.0893	8.67278e-26
20.0	0.1	5.0	2.18776	6.60636e-26
20.0	0.1	5.0	2.29087	5.02373e-26
20.0	0.1	5.0	2.39883	3.8139e-26
20.0	0.1	5.0	2.51189	2.89257e-26
20.0	0.1	5.0	2.63027	2.19183e-26
20.0	0.1	5.0	2.75423	1.66028e-26
20.0	0.1	5.0	2.88403	1.25773e-26
20.0	0.1	5.0	3.01995	9.52286e-27
20.0	0.1	5.0	3.16228	7.22661e-27
20.0	0.1	5.0	3.31131	5.48064e-27
20.0	0.1	5.0	3.46737	4.15826e-27
20.0	0.1	5.0	3.63078	3.15399e-27
20.0	0.1	5.0	3.80189	2.39386e-27
20.0	0.1	5.0	3.98107	1.81608e-27
20.0	0.1	5.0	4.16869	1.37695e-27
20.0	0.1	5.0	4.36516	1.04502e-27
20.0	0.1	5.0	4.57088	7.92649e-28
20.0	0.1	5.0	4.7863	6.01222e-28
20.0	0.1	5.0	5.01187	4.56033e-28
20.0	0.1	5.0	5.24807	3.45885e-28
20.0	0.1	5.0	5.49541	2.62368e-28
20.0	0.1	5.0	5.7544	1.99002e-28
20.0	0.1	5.0	6.0256	1.49945e-28
20.0	0.1	5.0	6.30957	1.14474e-28
20.0	0.1	5.0	6.60693	8.6803e-29
20.0	0.1	10.0	1.0	9.21015e-23
20.0	0.1	10.0	1.04713	7.06236e-23
20.0	0.1	10.0	1.09648	5.40339e-23
20.0	0.1	10.0	1.14815	4.12609e-23
20.0	0.1	10.0	1.20226	3.14578e-23
20.0	0.1	10.0	1.25893	2.39558e-23
20.0	0.1	10.0	1.31826	1.82251e-23
20.0	0.1	10.0	1.38038	1.38532e-23
20.0	0.1	10.0	1.44544	1.05208e-23
20.0	0.1	10.0	1.51356	7.9787e-24
20.0	0.1	10.0	1.58489	6.04131e-24
20.0	0.1	10.0	1.65959	4.56469e-24
20.0	0.1	10.0	1.7378	3.44042e-24
20.0	0.1	10.0	1.8197	2.5862e-24
20.0	0.1	10.0	1.90546	1.93884e-24
20.0	0.1	10.0	1.99526	1.44922e-24
20.0	0.1	10.0	2.0893	1.0811e-24
20.0	0.1	10.0	2.18776	8.05291e-25
20.0	0.1	10.0	2.29087	5.98998e-25
20.0	0.1	10.0	2.39883	4.45381e-25
20.0	0.1	10.0	2.51189	3.31561e-25
20.0	0.1	10.0	2.63027	2.4722e-25
20.0	0.1	10.0	2.75423	1.84854e-25
20.0	0.1	10.0	2.88403	1.38668e-25
20.0	0.1	10.0	3.01995	1.0454e-25
20.0	0.1	10.0	3.16228	7.91147e-26
20.0	0.1	10.0	3.31131	5.99601e-26
20.0	0.1	10.0	3.46737	4.57753e-26
20.0	0.1	10.0	3.63078	3.49015e-26
20.0	0.1	10.0	3.80189	2.66838e-26
20.0	0.1	10.0	3.98107	2.03773e-26
20.0	0.1	10.0	4.16869	1.55457e-26
20.0	0.1	10.0	4.36516	1.18439e-26
20.0	0.1	10.0	4.57088	9.00775e-27
20.0	0.1	10.0	4.7863	6.83948e-27
20.0	0.1	10.0	5.01187	5.16714e-27
20.0	0.1	10.0	5.24807	3.93009e-27
20.0	0.1	10.0	5.49541	2.97602e-27
20.0	0.1	10.0	5.7544	2.25529e-27
20.0	0.1	10.0	6.0256	1.70899e-27
20.0	0.1	10.0	6.30957	1.29574e-27
20.0	0.1	10.0	6.60693	9.8282e-28
20.0	0.1	10.0	6.91831	7.38298e-28
20.0	0.1	10.0	7.24436	5.64213e-28
20.0	0.1	10.0	7.58578	4.29054e-28
20.0	0.1	10.0	7.94328	3.25624e-28
20.0	0.1	10.0	8.31764	2.47031e-28
20.0	0.1	10.0	8.70964	1.87279e-28
20.0	0.1	10.0	9.12011	1.41678e-28
20.0	0.1	10.0	9.54993	1.07799e-28
20.0	0.1	10.0	10.0	8.17725e-29
20.0	0.1	20.0	1.0	4.99425e-21
20.0	0.1	20.0	1.04713	3.41975e-21
20.0	0.1	20.0	1.09648	2.32467e-21
20.0	0.1	20.0	1.14815	1.56894e-21
20.0	0.1	20.0	1.20226	1.05178e-21
20.0	0.1	20.0	1.25893	7.00902e-22
20.0	0.1	20.0	1.31826	4.65109e-22
20.0	0.1	20.0	1.38038	3.08046e-22
20.0	0.1	20.0	1.44544	2.04369e-22
20.0	0.1	20.0	1.51356	1.36389e-22
20.0	0.1	20.0	1.58489	9.21483e-23
20.0	0.1	20.0	1.65959	6.33344e-23
20.0	0.1	20.0	1.7378	4.44668e-23
20.0	0.1	20.0	1.8197	3.19114e-23
20.0	0.1	20.0	1.90546	2.33479e-23
20.0	0.1	20.0	1.99526	1.73402e-23
20.0	0.1	20.0	2.0893	1.30212e-23
20.0	0.1	20.0	2.18776	9.8385e-24
20.0	0.1	20.0	2.29087	7.45831e-24
20.0	0.1	20.0	2.39883	5.65895e-24
20.0	0.1	20.0	2.51189	4.30368e-24
20.0	0.1	20.0	2.63027	3.27081e-24
20.0	0.1	20.0	2.75423	2.48077e-24
20.0	0.1	20.0	2.88403	1.88655e-24
20.0	0.1	20.0	3.01995	1.43002e-24
20.0	0.1	20.0	3.16228	1.08259e-24
20.0	0.1	20.0	3.31131	8.17943e-25
20.0	0.1	20.0	3.46737	6.17114e-25
20.0	0.1	20.0	3.63078	4.63944e-25
20.0	0.1	20.0	3.80189	3.47842e-25
20.0	0.1	20.0	3.98107	2.60117e-25
20.0	0.1	20.0	4.16869	1.94068e-25
20.0	0.1	20.0	4.36516	1.44519e-25
20.0	0.1	20.0	4.57088	1.075e-25
20.0	0.1	20.0	4.7863	7.9882e-26
20.0	0.1	20.0	5.01187	5.94115e-26
20.0	0.1	20.0	5.24807	4.43234e-26
20.0	0.1	20.0	5.49541	3.31706e-26
20.0	0.1	20.0	5.7544	2.48889e-26
20.0	0.1	20.0	6.0256	1.87443e-26
20.0	0.1	20.0	6.30957	1.41824e-26
20.0	0.1	20.0	6.60693	1.07735e-26
20.0	0.1	20.0	6.91831	8.20485e-27
20.0	0.1	20.0	7.24436	6.26009e-27
20.0	0.1	20.0	7.58578	4.78286e-27
20.0	0.1	20.0	7.94328	3.64187e-27
20.0	0.1	20.0	8.31764	2.78702e-27
20.0	0.1	20.0	8.70964	2.12075e-27
20.0	0.1	20.0	9.12011	1.36993e-27
20.0	0.1	20.0	9.54993	1.22634e-27
20.0	0.1	20.0	10.0	9.30045e-28
20.0	0.1	30.0	1.0	4.78826e-20
20.0	0.1	30.0	1.04713	3.51394e-20
20.0	0.1	30.0	1.09648	2.56481e-20
20.0	0.1	30.0	1.14815	1.86168e-20
20.0	0.1	30.0	1.20226	1.34374e-20
20.0	0.1	30.0	1.25893	9.64032e-21
20.0	0.1	30.0	1.31826	6.87299e-21
20.0	0.1	30.0	1.38038	4.86868e-21
20.0	0.1	30.0	1.44544	3.42632e-21
20.0	0.1	30.0	1.51356	2.39456e-21
20.0	0.1	30.0	1.58489	1.66163e-21
20.0	0.1	30.0	1.65959	1.14454e-21
20.0	0.1	30.0	1.7378	7.82736e-22
20.0	0.1	30.0	1.8197	5.31281e-22
20.0	0.1	30.0	1.90546	3.57926e-22
20.0	0.1	30.0	1.99526	2.39493e-22
20.0	0.1	30.0	2.0893	1.59234e-22
20.0	0.1	30.0	2.18776	1.05346e-22
20.0	0.1	30.0	2.29087	6.94791e-23
20.0	0.1	30.0	2.39883	4.58105e-23
20.0	0.1	30.0	2.51189	3.0337e-23
20.0	0.1	30.0	2.63027	2.0275e-23
20.0	0.1	30.0	2.75423	1.3746e-23
20.0	0.1	30.0	2.88403	9.50697e-24
20.0	0.1	30.0	3.01995	6.71514e-24
20.0	0.1	30.0	3.16228	4.8411e-24
20.0	0.1	30.0	3.31131	3.54758e-24
20.0	0.1	30.0	3.46737	2.64008e-24
20.0	0.1	30.0	3.63078	1.97999e-24
20.0	0.1	30.0	3.80189	1.49321e-24
20.0	0.1	30.0	3.98107	1.13015e-24
20.0	0.1	30.0	4.16869	8.5636e-25
20.0	0.1	30.0	4.36516	6.49158e-25
20.0	0.1	30.0	4.57088	4.92103e-25
20.0	0.1	30.0	4.7863	3.72197e-25
20.0	0.1	30.0	5.01187	2.80145e-25
20.0	0.1	30.0	5.24807	2.11557e-25
20.0	0.1	30.0	5.49541	1.59159e-25
20.0	0.1	30.0	5.7544	1.19289e-25
20.0	0.1	30.0	6.0256	8.91551e-26
20.0	0.1	30.0	6.30957	6.64974e-26
20.0	0.1	30.0	6.60693	4.95056e-26
20.0	0.1	30.0	6.91831	3.67934e-26
20.0	0.1	30.0	7.24436	2.72319e-26
20.0	0.1	30.0	7.58578	2.03838e-26
20.0	0.1	30.0	7.94328	1.52025e-26
20.0	0.1	30.0	8.31764	1.13766e-26
20.0	0.1	30.0	8.70964	8.54082e-27
20.0	0.1	30.0	9.12011	4.97678e-27
20.0	0.1	30.0	9.54993	4.86012e-27
20.0	0.1	30.0	10.0	3.70576e-27
30.0	0.1	5.0	1.0	5.39317e-24
30.0	0.1	5.0	1.04713	4.02337e-24
30.0	0.1	5.0	1.09648	2.99619e-24
30.0	0.1	5.0	1.14815	2.2283e-24
30.0	0.1	5.0	1.20226	1.65781e-24
30.0	0.1	5.0	1.25893	1.2341e-24
30.0	0.1	5.0	1.31826	9.20476e-25
30.0	0.1	5.0	1.38038	6.88477e-25
30.0	0.1	5.0	1.44544	5.16856e-25
30.0	0.1	5.0	1.51356	3.89511e-25
30.0	0.1	5.0	1.58489	2.93626e-25
30.0	0.1	5.0	1.65959	2.23928e-25
30.0	0.1	5.0	1.7378	1.70707e-25
30.0	0.1	5.0	1.8197	1.30296e-25
30.0	0.1	5.0	1.90546	9.95299e-26
30.0	0.1	5.0	1.99526	7.60045e-26
30.0	0.1	5.0	2.0893	5.79851e-26
30.0	0.1	5.0	2.18776	4.41712e-26
30.0	0.1	5.0	2.29087	3.35908e-26
30.0	0.1	5.0	2.39883	2.54869e-26
30.0	0.1	5.0	2.51189	1.9342e-26
30.0	0.1	5.0	2.63027	1.46564e-26
30.0	0.1	5.0	2.75423	1.11019e-26
30.0	0.1	5.0	2.88403	8.40916e-27
30.0	0.1	5.0	3.01995	6.32395e-27
30.0	0.1	5.0	3.16228	4.83245e-27
30.0	0.1	5.0	3.31131	3.6652e-27
30.0	0.1	5.0	3.46737	2.78081e-27
30.0	0.1	5.0	3.63078	2.10713e-27
30.0	0.1	5.0	3.80189	1.60078e-27
30.0	0.1	5.0	3.98107	1.21456e-27
30.0	0.1	5.0	4.16869	9.18647e-28
30.0	0.1	5.0	4.36516	6.98829e-28
30.0	0.1	5.0	4.57088	5.30091e-28
30.0	0.1	5.0	4.7863	4.02041e-28
30.0	0.1	5.0	5.01187	3.04843e-28
30.0	0.1	5.0	5.24807	2.31276e-28
30.0	0.1	5.0	5.49541	1.75455e-28
30.0	0.1	5.0	5.7544	1.33091e-28
30.0	0.1	5.0	6.0256	9.21782e-29
30.0	0.1	10.0	1.0	6.1138e-23
30.0	0.1	10.0	1.04713	4.6947e-23
30.0	0.1	10.0	1.09648	3.59498e-23
30.0	0.1	10.0	1.14815	2.74686e-23
30.0	0.1	10.0	1.20226	2.09511e-23
30.0	0.1	10.0	1.25893	1.59585e-23
30.0	0.1	10.0	1.31826	1.21469e-23
30.0	0.1	10.0	1.38038	9.23435e-24
30.0	0.1	10.0	1.44544	7.01586e-24
30.0	0.1	10.0	1.51356	5.32194e-24
30.0	0.1	10.0	1.58489	4.03021e-24
30.0	0.1	10.0	1.65959	3.04583e-24
30.0	0.1	10.0	1.7378	2.29607e-24
30.0	0.1	10.0	1.8197	1.72606e-24
30.0	0.1	10.0	1.90546	1.29428e-24
30.0	0.1	10.0	1.99526	9.67587e-25
30.0	0.1	10.0	2.0893	7.21055e-25
30.0	0.1	10.0	2.18776	5.37776e-25
30.0	0.1	10.0	2.29087	4.00068e-25
30.0	0.1	10.0	2.39883	2.97392e-25
30.0	0.1	10.0	2.51189	2.21501e-25
30.0	0.1	10.0	2.63027	1.65172e-25
30.0	0.1	10.0	2.75423	1.23502e-25
30.0	0.1	10.0	2.88403	9.21647e-26
30.0	0.1	10.0	3.01995	6.95291e-26
30.0	0.1	10.0	3.16228	5.28842e-26
30.0	0.1	10.0	3.31131	4.00426e-26
30.0	0.1	10.0	3.46737	3.06019e-26
30.0	0.1	10.0	3.63078	2.32866e-26
30.0	0.1	10.0	3.80189	1.78394e-26
30.0	0.1	10.0	3.98107	1.36233e-26
30.0	0.1	10.0	4.16869	1.03889e-26
30.0	0.1	10.0	4.36516	7.91905e-27
30.0	0.1	10.0	4.57088	6.02274e-27
30.0	0.1	10.0	4.7863	4.57266e-27
30.0	0.1	10.0	5.01187	3.44416e-27
30.0	0.1	10.0	5.24807	2.62336e-27
30.0	0.1	10.0	5.49541	1.97909e-27
30.0	0.1	10.0	5.7544	1.50818e-27
30.0	0.1	10.0	6.0256	1.14274e-27
30.0	0.1	10.0	6.30957	8.66349e-28
30.0	0.1	10.0	6.60693	6.57249e-28
30.0	0.1	10.0	6.91831	4.6955e-28
30.0	0.1	10.0	7.24436	3.77212e-28
30.0	0.1	10.0	7.58578	2.86818e-28
30.0	0.1	10.0	7.94328	2.17771e-28
30.0	0.1	10.0	8.31764	1.65205e-28
30.0	0.1	10.0	8.70964	1.25188e-28
30.0	0.1	10.0	9.12011	9.42661e-29
30.0	0.1	20.0	1.0	7.064e-22
30.0	0.1	20.0	1.04713	4.81675e-22
30.0	0.1	20.0	1.09648	3.36343e-22
30.0	0.1	20.0	1.14815	2.41656e-22
30.0	0.1	20.0	1.20226	1.78657e-22
30.0	0.1	20.0	1.25893	1.35187e-22
30.0	0.1	20.0	1.31826	1.04245e-22
30.0	0.1	20.0	1.38038	8.11551e-23
30.0	0.1	20.0	1.44544	6.35182e-23
30.0	0.1	20.0	1.51356	4.97779e-23
30.0	0.1	20.0	1.58489	3.89763e-23
30.0	0.1	20.0	1.65959	3.04438e-23
30.0	0.1	20.0	1.7378	2.37046e-23
30.0	0.1	20.0	1.8197	1.83926e-23
30.0	0.1	20.0	1.90546	1.42188e-23
30.0	0.1	20.0	1.99526	1.09506e-23
30.0	0.1	20.0	2.0893	8.41285e-24
30.0	0.1	20.0	2.18776	6.44367e-24
30.0	0.1	20.0	2.29087	4.92379e-24
30.0	0.1	20.0	2.39883	3.75386e-24
30.0	0.1	20.0	2.51189	2.86145e-24
30.0	0.1	20.0	2.63027	2.17712e-24
30.0	0.1	20.0	2.75423	1.65143e-24
30.0	0.1	20.0	2.88403	1.25764e-24
30.0	0.1	20.0	3.01995	9.52608e-25
30.0	0.1	20.0	3.16228	7.22193e-25
30.0	0.1	20.0	3.31131	5.4015e-25
30.0	0.1	20.0	3.46737	4.11729e-25
30.0	0.1	20.0	3.63078	3.09664e-25
30.0	0.1	20.0	3.80189	2.32123e-25
30.0	0.1	20.0	3.98107	1.73596e-25
30.0	0.1	20.0	4.16869	1.295e-25
30.0	0.1	20.0	4.36516	9.63466e-26
30.0	0.1	20.0	4.57088	7.17999e-26
30.0	0.1	20.0	4.7863	5.32468e-26
30.0	0.1	20.0	5.01187	3.89963e-26
30.0	0.1	20.0	5.24807	2.94555e-26
30.0	0.1	20.0	5.49541	2.21647e-26
30.0	0.1	20.0	5.7544	1.66241e-26
30.0	0.1	20.0	6.0256	1.25269e-26
30.0	0.1	20.0	6.30957	9.47156e-27
30.0	0.1	20.0	6.60693	7.20174e-27
30.0	0.1	20.0	6.91831	5.48424e-27
30.0	0.1	20.0	7.24436	4.1773e-27
30.0	0.1	20.0	7.58578	3.1977e-27
30.0	0.1	20.0	7.94328	2.43413e-27
30.0	0.1	20.0	8.31764	1.86342e-27
30.0	0.1	20.0	8.70964	1.41582e-27
30.0	0.1	20.0	9.12011	7.50611e-28
30.0	0.1	20.0	9.54993	8.19773e-28
30.0	0.1	20.0	10.0	6.21859e-28
30.0	0.1	30.0	1.0	1.21761e-20
30.0	0.1	30.0	1.04713	8.46057e-21
30.0	0.1	30.0	1.09648	5.83541e-21
30.0	0.1	30.0	1.14815	3.99555e-21
30.0	0.1	30.0	1.20226	2.71547e-21
30.0	0.1	30.0	1.25893	1.83199e-21
30.0	0.1	30.0	1.31826	1.22768e-21
30.0	0.1	30.0	1.38038	8.17565e-22
30.0	0.1	30.0	1.44544	5.4231e-22
30.0	0.1	30.0	1.51356	3.58975e-22
30.0	0.1	30.0	1.58489	2.38268e-22
30.0	0.1	30.0	1.65959	1.59439e-22
30.0	0.1	30.0	1.7378	1.08353e-22
30.0	0.1	30.0	1.8197	7.53302e-23
30.0	0.1	30.0	1.90546	5.38081e-23
30.0	0.1	30.0	1.99526	3.95069e-23
30.0	0.1	30.0	2.0893	2.97081e-23
30.0	0.1	30.0	2.18776	2.27106e-23
30.0	0.1	30.0	2.29087	1.75372e-23
30.0	0.1	30.0	2.39883	1.36066e-23
30.0	0.1	30.0	2.51189	1.05751e-23
30.0	0.1	30.0	2.63027	8.20813e-24
30.0	0.1	30.0	2.75423	6.35289e-24
30.0	0.1	30.0	2.88403	4.90755e-24
30.0	0.1	30.0	3.01995	3.77673e-24
30.0	0.1	30.0	3.16228	2.89889e-24
30.0	0.1	30.0	3.31131	2.21692e-24
30.0	0.1	30.0	3.46737	1.69486e-24
30.0	0.1	30.0	3.63078	1.29261e-24
30.0	0.1	30.0	3.80189	9.84294e-25
30.0	0.1	30.0	3.98107	7.49165e-25
30.0	0.1	30.0	4.16869	5.68739e-25
30.0	0.1	30.0	4.36516	4.3176e-25
30.0	0.1	30.0	4.57088	3.28054e-25
30.0	0.1	30.0	4.7863	2.48111e-25
30.0	0.1	30.0	5.01187	1.86361e-25
30.0	0.1	30.0	5.24807	1.40423e-25
30.0	0.1	30.0	5.49541	1.06202e-25
30.0	0.1	30.0	5.7544	7.95535e-26
30.0	0.1	30.0	6.0256	5.95139e-26
30.0	0.1	30.0	6.30957	4.44025e-26
30.0	0.1	30.0	6.60693	3.30605e-26
30.0	0.1	30.0	6.91831	2.45414e-26
30.0	0.1	30.0	7.24436	1.81964e-26
30.0	0.1	30.0	7.58578	1.36165e-26
30.0	0.1	30.0	7.94328	1.01584e-26
30.0	0.1	30.0	8.31764	7.60232e-27
30.0	0.1	30.0	8.70964	5.68664e-27
30.0	0.1	30.0	9.12011	1.01596e-27
30.0	0.1	30.0	9.54993	3.17011e-27
30.0	0.1	30.0	10.0	2.47531e-27
40.0	0.1	5.0	1.0	4.04891e-24
40.0	0.1	5.0	1.04713	3.02068e-24
40.0	0.1	5.0	1.09648	2.24959e-24
40.0	0.1	5.0	1.14815	1.67318e-24
40.0	0.1	5.0	1.20226	1.24479e-24
40.0	0.1	5.0	1.25893	9.26666e-25
40.0	0.1	5.0	1.31826	6.91225e-25
40.0	0.1	5.0	1.38038	5.17028e-25
40.0	0.1	5.0	1.44544	3.88081e-25
40.0	0.1	5.0	1.51356	2.92533e-25
40.0	0.1	5.0	1.58489	2.18061e-25
40.0	0.1	5.0	1.65959	1.68123e-25
40.0	0.1	5.0	1.7378	1.28218e-25
40.0	0.1	5.0	1.8197	9.78688e-26
40.0	0.1	5.0	1.90546	7.47595e-26
40.0	0.1	5.0	1.99526	5.7091e-26
40.0	0.1	5.0	2.0893	4.35541e-26
40.0	0.1	5.0	2.18776	3.31792e-26
40.0	0.1	5.0	2.29087	2.52302e-26
40.0	0.1	5.0	2.39883	1.91328e-26
40.0	0.1	5.0	2.51189	1.45288e-26
40.0	0.1	5.0	2.63027	1.10095e-26
40.0	0.1	5.0	2.75423	8.33831e-27
40.0	0.1	5.0	2.88403	6.31312e-27
40.0	0.1	5.0	3.01995	4.66865e-27
40.0	0.1	5.0	3.16228	3.62969e-27
40.0	0.1	5.0	3.31131	2.75321e-27
40.0	0.1	5.0	3.46737	2.08879e-27
40.0	0.1	5.0	3.63078	1.57757e-27
40.0	0.1	5.0	3.80189	1.20251e-27
40.0	0.1	5.0	3.98107	9.12386e-28
40.0	0.1	5.0	4.16869	6.84526e-28
40.0	0.1	5.0	4.36516	5.24882e-28
40.0	0.1	5.0	4.57088	3.98212e-28
40.0	0.1	5.0	4.7863	3.01934e-28
40.0	0.1	5.0	5.01187	2.28808e-28
40.0	0.1	5.0	5.24807	1.73632e-28
40.0	0.1	5.0	5.49541	1.31765e-28
40.0	0.1	5.0	5.7544	9.99683e-29
40.0	0.1	10.0	1.0	4.58392e-23
40.0	0.1	10.0	1.04713	3.5204e-23
40.0	0.1	10.0	1.09648	2.6961e-23
40.0	0.1	10.0	1.14815	2.06023e-23
40.0	0.1	10.0	1.20226	1.57164e-23
40.0	0.1	10.0	1.25893	1.19643e-23
40.0	0.1	10.0	1.31826	9.11357e-24
40.0	0.1	10.0	1.38038	6.92827e-24
40.0	0.1	10.0	1.44544	5.26485e-24
40.0	0.1	10.0	1.51356	3.99411e-24
40.0	0.1	10.0	1.58489	3.02466e-24
40.0	0.1	10.0	1.65959	2.28613e-24
40.0	0.1	10.0	1.7378	1.72348e-24
40.0	0.1	10.0	1.8197	1.29522e-24
40.0	0.1	10.0	1.90546	9.71626e-25
40.0	0.1	10.0	1.99526	7.26372e-25
40.0	0.1	10.0	2.0893	5.40477e-25
40.0	0.1	10.0	2.18776	4.03761e-25
40.0	0.1	10.0	2.29087	3.00393e-25
40.0	0.1	10.0	2.39883	2.23183e-25
40.0	0.1	10.0	2.51189	1.66329e-25
40.0	0.1	10.0	2.63027	1.24024e-25
40.0	0.1	10.0	2.75423	9.26975e-26
40.0	0.1	10.0	2.88403	6.869e-26
40.0	0.1	10.0	3.01995	5.12248e-26
40.0	0.1	10.0	3.16228	3.97198e-26
40.0	0.1	10.0	3.31131	3.00867e-26
40.0	0.1	10.0	3.46737	2.2985e-26
40.0	0.1	10.0	3.63078	1.73722e-26
40.0	0.1	10.0	3.80189	1.33965e-26
40.0	0.1	10.0	3.98107	1.02324e-26
40.0	0.1	10.0	4.16869	7.77035e-27
40.0	0.1	10.0	4.36516	5.94821e-27
40.0	0.1	10.0	4.57088	4.52407e-27
40.0	0.1	10.0	4.7863	3.43393e-27
40.0	0.1	10.0	5.01187	2.56425e-27
40.0	0.1	10.0	5.24807	1.94299e-27
40.0	0.1	10.0	5.49541	1.46417e-27
40.0	0.1	10.0	5.7544	1.13286e-27
40.0	0.1	10.0	6.0256	8.58326e-28
40.0	0.1	10.0	6.30957	6.5075e-28
40.0	0.1	10.0	6.60693	4.93726e-28
40.0	0.1	10.0	6.91831	2.98866e-28
40.0	0.1	10.0	7.24436	2.83683e-28
40.0	0.1	10.0	7.58578	2.15343e-28
40.0	0.1	10.0	7.94328	1.6356e-28
40.0	0.1	10.0	8.31764	1.24101e-28
40.0	0.1	10.0	8.70964	9.39028e-29
40.0	0.1	20.0	1.0	2.95194e-22
40.0	0.1	20.0	1.04713	2.33442e-22
40.0	0.1	20.0	1.09648	1.85764e-22
40.0	0.1	20.0	1.14815	1.48195e-22
40.0	0.1	20.0	1.20226	1.18269e-22
40.0	0.1	20.0	1.25893	9.42203e-23
40.0	0.1	20.0	1.31826	7.49813e-23
40.0	0.1	20.0	1.38038	5.9481e-23
40.0	0.1	20.0	1.44544	4.7045e-23
40.0	0.1	20.0	1.51356	3.70796e-23
40.0	0.1	20.0	1.58489	2.91213e-23
40.0	0.1	20.0	1.65959	2.27826e-23
40.0	0.1	20.0	1.7378	1.77548e-23
40.0	0.1	20.0	1.8197	1.37829e-23
40.0	0.1	20.0	1.90546	1.06585e-23
40.0	0.1	20.0	1.99526	8.20904e-24
40.0	0.1	20.0	2.0893	6.30818e-24
40.0	0.1	20.0	2.18776	4.83241e-24
40.0	0.1	20.0	2.29087	3.69269e-24
40.0	0.1	20.0	2.39883	2.81589e-24
40.0	0.1	20.0	2.51189	2.14664e-24
40.0	0.1	20.0	2.63027	1.63301e-24
40.0	0.1	20.0	2.75423	1.23628e-24
40.0	0.1	20.0	2.88403	9.43505e-25
40.0	0.1	20.0	3.01995	7.12262e-25
40.0	0.1	20.0	3.16228	5.41973e-25
40.0	0.1	20.0	3.31131	3.98944e-25
40.0	0.1	20.0	3.46737	3.08748e-25
40.0	0.1	20.0	3.63078	2.32452e-25
40.0	0.1	20.0	3.80189	1.74011e-25
40.0	0.1	20.0	3.98107	1.30127e-25
40.0	0.1	20.0	4.16869	9.66564e-26
40.0	0.1	20.0	4.36516	7.08333e-26
40.0	0.1	20.0	4.57088	5.39109e-26
40.0	0.1	20.0	4.7863	3.96325e-26
40.0	0.1	20.0	5.01187	2.8502e-26
40.0	0.1	20.0	5.24807	2.12037e-26
40.0	0.1	20.0	5.49541	1.66437e-26
40.0	0.1	20.0	5.7544	1.23943e-26
40.0	0.1	20.0	6.0256	9.40589e-27
40.0	0.1	20.0	6.30957	7.09025e-27
40.0	0.1	20.0	6.60693	5.40922e-27
40.0	0.1	20.0	6.91831	4.11586e-27
40.0	0.1	20.0	7.24436	3.13651e-27
40.0	0.1	20.0	7.58578	2.40187e-27
40.0	0.1	20.0	7.94328	1.82825e-27
40.0	0.1	20.0	8.31764	1.39971e-27
40.0	0.1	20.0	8.70964	1.06114e-27
40.0	0.1	20.0	9.12011	3.92698e-28
40.0	0.1	20.0	9.54993	6.15071e-28
40.0	0.1	20.0	10.0	4.6704e-28
40.0	0.1	30.0	1.0	3.3425e-21
40.0	0.1	30.0	1.04713	2.22109e-21
40.0	0.1	30.0	1.09648	1.4692e-21
40.0	0.1	30.0	1.14815	9.70715e-22
40.0	0.1	30.0	1.20226	6.4359e-22
40.0	0.1	30.0	1.25893	4.30903e-22
40.0	0.1	30.0	1.31826	2.94023e-22
40.0	0.1	30.0	1.38038	2.05935e-22
40.0	0.1	30.0	1.44544	1.48917e-22
40.0	0.1	30.0	1.51356	1.11042e-22
40.0	0.1	30.0	1.58489	8.49971e-23
40.0	0.1	30.0	1.65959	6.62426e-23
40.0	0.1	30.0	1.7378	5.21944e-23
40.0	0.1	30.0	1.8197	4.13573e-23
40.0	0.1	30.0	1.90546	3.28314e-23
40.0	0.1	30.0	1.99526	2.60473e-23
40.0	0.1	30.0	2.0893	2.06383e-23
40.0	0.1	30.0	2.18776	1.63059e-23
40.0	0.1	30.0	2.29087	1.28384e-23
40.0	0.1	30.0	2.39883	1.00748e-23
40.0	0.1	30.0	2.51189	7.87675e-24
40.0	0.1	30.0	2.63027	6.13352e-24
40.0	0.1	30.0	2.75423	4.7545e-24
40.0	0.1	30.0	2.88403	3.67672e-24
40.0	0.1	30.0	3.01995	2.82946e-24
40.0	0.1	30.0	3.16228	2.1735e-24
40.0	0.1	30.0	3.31131	1.66177e-24
40.0	0.1	30.0	3.46737	1.27092e-24
40.0	0.1	30.0	3.63078	9.69648e-25
40.0	0.1	30.0	3.80189	7.38171e-25
40.0	0.1	30.0	3.98107	5.62106e-25
40.0	0.1	30.0	4.16869	4.23007e-25
40.0	0.1	30.0	4.36516	3.23047e-25
40.0	0.1	30.0	4.57088	2.46187e-25
40.0	0.1	30.0	4.7863	1.86093e-25
40.0	0.1	30.0	5.01187	1.38935e-25
40.0	0.1	30.0	5.24807	1.01683e-25
40.0	0.1	30.0	5.49541	7.96731e-26
40.0	0.1	30.0	5.7544	5.9048e-26
40.0	0.1	30.0	6.0256	4.46554e-26
40.0	0.1	30.0	6.30957	3.33347e-26
40.0	0.1	30.0	6.60693	2.48214e-26
40.0	0.1	30.0	6.91831	1.83214e-26
40.0	0.1	30.0	7.24436	1.36887e-26
40.0	0.1	30.0	7.58578	1.02241e-26
40.0	0.1	30.0	7.94328	7.62903e-27
40.0	0.1	30.0	8.31764	5.70935e-27
40.0	0.1	30.0	8.70964	4.22776e-27
40.0	0.1	30.0	9.12011	4.31499e-28
40.0	0.1	30.0	9.54993	2.11839e-27
40.0	0.1	30.0	10.0	1.85756e-27
50.0	0.1	5.0	1.0	3.24132e-24
50.0	0.1	5.0	1.04713	2.41823e-24
50.0	0.1	5.0	1.09648	1.80099e-24
50.0	0.1	5.0	1.14815	1.33964e-24
50.0	0.1	5.0	1.20226	9.96524e-25
50.0	0.1	5.0	1.25893	7.41791e-25
50.0	0.1	5.0	1.31826	5.53424e-25
50.0	0.1	5.0	1.38038	4.1396e-25
50.0	0.1	5.0	1.44544	3.10493e-25
50.0	0.1	5.0	1.51356	2.3421e-25
50.0	0.1	5.0	1.58489	1.6937e-25
50.0	0.1	5.0	1.65959	1.34545e-25
50.0	0.1	5.0	1.7378	1.02667e-25
50.0	0.1	5.0	1.8197	7.83639e-26
50.0	0.1	5.0	1.90546	5.98621e-26
50.0	0.1	5.0	1.99526	4.57148e-26
50.0	0.1	5.0	2.0893	3.48701e-26
50.0	0.1	5.0	2.18776	2.65685e-26
50.0	0.1	5.0	2.29087	2.02016e-26
50.0	0.1	5.0	2.39883	1.53008e-26
50.0	0.1	5.0	2.51189	1.16336e-26
50.0	0.1	5.0	2.63027	8.81593e-27
50.0	0.1	5.0	2.75423	6.67536e-27
50.0	0.1	5.0	2.88403	5.05195e-27
50.0	0.1	5.0	3.01995	3.71585e-27
50.0	0.1	5.0	3.16228	2.90688e-27
50.0	0.1	5.0	3.31131	2.20459e-27
50.0	0.1	5.0	3.46737	1.67249e-27
50.0	0.1	5.0	3.63078	1.2412e-27
50.0	0.1	5.0	3.80189	9.629e-28
50.0	0.1	5.0	3.98107	7.30598e-28
50.0	0.1	5.0	4.16869	5.35361e-28
50.0	0.1	5.0	4.36516	4.20315e-28
50.0	0.1	5.0	4.57088	3.18881e-28
50.0	0.1	5.0	4.7863	2.41604e-28
50.0	0.1	5.0	5.01187	1.83023e-28
50.0	0.1	5.0	5.24807	1.38847e-28
50.0	0.1	5.0	5.49541	1.0539e-28
50.0	0.1	5.0	5.7544	8.0055e-29
50.0	0.1	10.0	1.0	3.66748e-23
50.0	0.1	10.0	1.04713	2.81672e-23
50.0	0.1	10.0	1.09648	2.15733e-23
50.0	0.1	10.0	1.14815	1.64859e-23
50.0	0.1	10.0	1.20226	1.25769e-23
50.0	0.1	10.0	1.25893	9.57031e-24
50.0	0.1	10.0	1.31826	7.29355e-24
50.0	0.1	10.0	1.38038	5.54476e-24
50.0	0.1	10.0	1.44544	4.21399e-24
50.0	0.1	10.0	1.51356	3.19695e-24
50.0	0.1	10.0	1.58489	2.42108e-24
50.0	0.1	10.0	1.65959	1.82991e-24
50.0	0.1	10.0	1.7378	1.37962e-24
50.0	0.1	10.0	1.8197	1.03542e-24
50.0	0.1	10.0	1.90546	7.778e-25
50.0	0.1	10.0	1.99526	5.81445e-25
50.0	0.1	10.0	2.0893	4.31594e-25
50.0	0.1	10.0	2.18776	3.23242e-25
50.0	0.1	10.0	2.29087	2.40485e-25
50.0	0.1	10.0	2.39883	1.78481e-25
50.0	0.1	10.0	2.51189	1.33172e-25
50.0	0.1	10.0	2.63027	9.92513e-26
50.0	0.1	10.0	2.75423	7.41274e-26
50.0	0.1	10.0	2.88403	5.46728e-26
50.0	0.1	10.0	3.01995	3.91094e-26
50.0	0.1	10.0	3.16228	3.18051e-26
50.0	0.1	10.0	3.31131	2.40928e-26
50.0	0.1	10.0	3.46737	1.84042e-26
50.0	0.1	10.0	3.63078	1.35572e-26
50.0	0.1	10.0	3.80189	1.07148e-26
50.0	0.1	10.0	3.98107	8.19209e-27
50.0	0.1	10.0	4.16869	5.91362e-27
50.0	0.1	10.0	4.36516	4.76295e-27
50.0	0.1	10.0	4.57088	3.6225e-27
50.0	0.1	10.0	4.7863	2.74798e-27
50.0	0.1	10.0	5.01187	2.01202e-27
50.0	0.1	10.0	5.24807	1.51828e-27
50.0	0.1	10.0	5.49541	1.12582e-27
50.0	0.1	10.0	5.7544	9.07028e-28
50.0	0.1	10.0	6.0256	6.87175e-28
50.0	0.1	10.0	6.30957	5.20903e-28
50.0	0.1	10.0	6.60693	3.95352e-28
50.0	0.1	10.0	6.91831	1.91889e-28
50.0	0.1	10.0	7.24436	2.27283e-28
50.0	0.1	10.0	7.58578	1.72465e-28
50.0	0.1	10.0	7.94328	1.30848e-28
50.0	0.1	10.0	8.31764	9.93783e-29
50.0	0.1	15.0	1.0	1.162e-22
50.0	0.1	15.0	1.04713	9.21474e-23
50.0	0.1	15.0	1.09648	7.28326e-23
50.0	0.1	15.0	1.14815	5.73627e-23
50.0	0.1	15.0	1.20226	4.50146e-23
50.0	0.1	15.0	1.25893	3.51663e-23
50.0	0.1	15.0	1.31826	2.7398e-23
50.0	0.1	15.0	1.38038	2.12482e-23
50.0	0.1	15.0	1.44544	1.64195e-23
50.0	0.1	15.0	1.51356	1.26422e-23
50.0	0.1	15.0	1.58489	9.70438e-24
50.0	0.1	15.0	1.65959	7.42879e-24
50.0	0.1	15.0	1.7378	5.67513e-24
50.0	0.1	15.0	1.8197	4.3284e-24
50.0	0.1	15.0	1.90546	3.29727e-24
50.0	0.1	15.0	1.99526	2.50852e-24
50.0	0.1	15.0	2.0893	1.90696e-24
50.0	0.1	15.0	2.18776	1.449e-24
50.0	0.1	15.0	2.29087	1.09884e-24
50.0	0.1	15.0	2.39883	8.28576e-25
50.0	0.1	15.0	2.51189	6.28539e-25
50.0	0.1	15.0	2.63027	4.72986e-25
50.0	0.1	15.0	2.75423	3.53094e-25
50.0	0.1	15.0	2.88403	2.55001e-25
50.0	0.1	15.0	3.01995	1.98702e-25
50.0	0.1	15.0	3.16228	1.48665e-25
50.0	0.1	15.0	3.31131	1.02519e-25
50.0	0.1	15.0	3.46737	8.22727e-26
50.0	0.1	15.0	3.63078	5.74052e-26
50.0	0.1	15.0	3.80189	4.55747e-26
50.0	0.1	15.0	3.98107	3.40338e-26
50.0	0.1	15.0	4.16869	2.23915e-26
50.0	0.1	15.0	4.36516	1.91354e-26
50.0	0.1	15.0	4.57088	1.44381e-26
50.0	0.1	15.0	4.7863	1.0773e-26
50.0	0.1	15.0	5.01187	8.19409e-27
50.0	0.1	15.0	5.24807	6.06856e-27
50.0	0.1	15.0	5.49541	4.83322e-27
50.0	0.1	15.0	5.7544	3.68954e-27
50.0	0.1	15.0	6.0256	2.33168e-27
50.0	0.1	15.0	6.30957	2.14681e-27
50.0	0.1	15.0	6.60693	1.63657e-27
50.0	0.1	15.0	6.91831	1.23182e-27
50.0	0.1	15.0	7.24436	8.33531e-28
50.0	0.1	15.0	7.58578	7.17057e-28
50.0	0.1	15.0	7.94328	5.43292e-28
50.0	0.1	15.0	8.31764	4.11602e-28
50.0	0.1	15.0	8.70964	3.10017e-28
50.0	0.1	15.0	9.12011	1.12019e-28
50.0	0.1	15.0	9.54993	1.77874e-28
50.0	0.1	15.0	10.0	1.35771e-28
50.0	0.1	20.0	1.0	2.27822e-22
50.0	0.1	20.0	1.04713	1.83174e-22
50.0	0.1	20.0	1.09648	1.47083e-22
50.0	0.1	20.0	1.14815	1.17894e-22
50.0	0.1	20.0	1.20226	9.43189e-23
50.0	0.1	20.0	1.25893	7.52424e-23
50.0	0.1	20.0	1.31826	5.99139e-23
50.0	0.1	20.0	1.38038	4.75456e-23
50.0	0.1	20.0	1.44544	3.76142e-23
50.0	0.1	20.0	1.51356	2.96511e-23
50.0	0.1	20.0	1.58489	2.329e-23
50.0	0.1	20.0	1.65959	1.82227e-23
50.0	0.1	20.0	1.7378	1.42022e-23
50.0	0.1	20.0	1.8197	1.10259e-23
50.0	0.1	20.0	1.90546	8.52707e-24
50.0	0.1	20.0	1.99526	6.56713e-24
50.0	0.1	20.0	2.0893	5.04699e-24
50.0	0.1	20.0	2.18776	3.86656e-24
50.0	0.1	20.0	2.29087	2.95326e-24
50.0	0.1	20.0	2.39883	2.25336e-24
50.0	0.1	20.0	2.51189	1.7178e-24
50.0	0.1	20.0	2.63027	1.30702e-24
50.0	0.1	20.0	2.75423	9.86106e-25
50.0	0.1	20.0	2.88403	7.54943e-25
50.0	0.1	20.0	3.01995	5.64266e-25
50.0	0.1	20.0	3.16228	4.33703e-25
50.0	0.1	20.0	3.31131	3.19071e-25
50.0	0.1	20.0	3.46737	2.46114e-25
50.0	0.1	20.0	3.63078	1.86072e-25
50.0	0.1	20.0	3.80189	1.38409e-25
50.0	0.1	20.0	3.98107	1.04031e-25
50.0	0.1	20.0	4.16869	7.31782e-26
50.0	0.1	20.0	4.36516	5.34808e-26
50.0	0.1	20.0	4.57088	4.31603e-26
50.0	0.1	20.0	4.7863	3.06093e-26
50.0	0.1	20.0	5.01187	2.14903e-26
50.0	0.1	20.0	5.24807	1.28108e-26
50.0	0.1	20.0	5.49541	1.33206e-26
50.0	0.1	20.0	5.7544	9.86584e-27
50.0	0.1	20.0	6.0256	7.52767e-27
50.0	0.1	20.0	6.30957	5.62172e-27
50.0	0.1	20.0	6.60693	4.33115e-27
50.0	0.1	20.0	6.91831	3.2848e-27
50.0	0.1	20.0	7.24436	2.51346e-27
50.0	0.1	20.0	7.58578	1.92339e-27
50.0	0.1	20.0	7.94328	1.46305e-27
50.0	0.1	20.0	8.31764	1.12083e-27
50.0	0.1	20.0	8.70964	8.46938e-28
50.0	0.1	20.0	9.12011	2.11405e-28
50.0	0.1	20.0	9.54993	4.88535e-28
50.0	0.1	20.0	10.0	3.73152e-28
50.0	0.1	25.0	1.0	3.98645e-22
50.0	0.1	25.0	1.04713	3.10544e-22
50.0	0.1	25.0	1.09648	2.457e-22
50.0	0.1	25.0	1.14815	1.96096e-22
50.0	0.1	25.0	1.20226	1.57239e-22
50.0	0.1	25.0	1.25893	1.26232e-22
50.0	0.1	25.0	1.31826	1.01438e-22
50.0	0.1	25.0	1.38038	8.13987e-23
50.0	0.1	25.0	1.44544	6.52229e-23
50.0	0.1	25.0	1.51356	5.21501e-23
50.0	0.1	25.0	1.58489	4.16041e-23
50.0	0.1	25.0	1.65959	3.31001e-23
50.0	0.1	25.0	1.7378	2.62558e-23
50.0	0.1	25.0	1.8197	2.07594e-23
50.0	0.1	25.0	1.90546	1.6356e-23
50.0	0.1	25.0	1.99526	1.28344e-23
50.0	0.1	25.0	2.0893	1.00391e-23
50.0	0.1	25.0	2.18776	7.81992e-24
50.0	0.1	25.0	2.29087	6.0644e-24
50.0	0.1	25.0	2.39883	4.68864e-24
50.0	0.1	25.0	2.51189	3.61196e-24
50.0	0.1	25.0	2.63027	2.77297e-24
50.0	0.1	25.0	2.75423	2.11906e-24
50.0	0.1	25.0	2.88403	1.62235e-24
50.0	0.1	25.0	3.01995	1.23191e-24
50.0	0.1	25.0	3.16228	9.42785e-25
50.0	0.1	25.0	3.31131	7.14556e-25
50.0	0.1	25.0	3.46737	5.44363e-25
50.0	0.1	25.0	3.63078	4.14497e-25
50.0	0.1	25.0	3.80189	3.12177e-25
50.0	0.1	25.0	3.98107	2.38075e-25
50.0	0.1	25.0	4.16869	1.65286e-25
50.0	0.1	25.0	4.36516	1.35127e-25
50.0	0.1	25.0	4.57088	1.01915e-25
50.0	0.1	25.0	4.7863	7.2189e-26
50.0	0.1	25.0	5.01187	4.52719e-26
50.0	0.1	25.0	5.24807	3.84747e-26
50.0	0.1	25.0	5.49541	3.17028e-26
50.0	0.1	25.0	5.7544	2.27067e-26
50.0	0.1	25.0	6.0256	1.75241e-26
50.0	0.1	25.0	6.30957	1.30645e-26
50.0	0.1	25.0	6.60693	9.75265e-27
50.0	0.1	25.0	6.91831	6.90488e-27
50.0	0.1	25.0	7.24436	5.4639e-27
50.0	0.1	25.0	7.58578	4.11968e-27
50.0	0.1	25.0	7.94328	3.12741e-27
50.0	0.1	25.0	8.31764	2.37687e-27
50.0	0.1	25.0	8.70964	1.73805e-27
50.0	0.1	25.0	9.12011	2.15685e-28
50.0	0.1	25.0	9.54993	9.13144e-28
50.0	0.1	25.0	10.0	8.03384e-28
50.0	0.1	30.0	1.0	1.06257e-21
50.0	0.1	30.0	1.04713	7.18162e-22
50.0	0.1	30.0	1.09648	4.97948e-22
50.0	0.1	30.0	1.14815	3.56459e-22
50.0	0.1	30.0	1.20226	2.64098e-22
50.0	0.1	30.0	1.25893	2.0138e-22
50.0	0.1	30.0	1.31826	1.57221e-22
50.0	0.1	30.0	1.38038	1.2443e-22
50.0	0.1	30.0	1.44544	9.92964e-23
50.0	0.1	30.0	1.51356	7.95387e-23
50.0	0.1	30.0	1.58489	6.38075e-23
50.0	0.1	30.0	1.65959	5.1167e-23
50.0	0.1	30.0	1.7378	4.09815e-23
50.0	0.1	30.0	1.8197	3.27629e-23
50.0	0.1	30.0	1.90546	2.61305e-23
50.0	0.1	30.0	1.99526	2.07816e-23
50.0	0.1	30.0	2.0893	1.64858e-23
50.0	0.1	30.0	2.18776	1.3033e-23
50.0	0.1	30.0	2.29087	1.02632e-23
50.0	0.1	30.0	2.39883	8.05705e-24
50.0	0.1	30.0	2.51189	6.30009e-24
50.0	0.1	30.0	2.63027	4.90622e-24
50.0	0.1	30.0	2.75423	3.80193e-24
50.0	0.1	30.0	2.88403	2.9413e-24
50.0	0.1	30.0	3.01995	2.2609e-24
50.0	0.1	30.0	3.16228	1.73903e-24
50.0	0.1	30.0	3.31131	1.32952e-24
50.0	0.1	30.0	3.46737	1.01651e-24
50.0	0.1	30.0	3.63078	7.75952e-25
50.0	0.1	30.0	3.80189	5.90164e-25
50.0	0.1	30.0	3.98107	4.4987e-25
50.0	0.1	30.0	4.16869	3.36353e-25
50.0	0.1	30.0	4.36516	2.5671e-25
50.0	0.1	30.0	4.57088	1.96997e-25
50.0	0.1	30.0	4.7863	1.48756e-25
50.0	0.1	30.0	5.01187	1.0961e-25
50.0	0.1	30.0	5.24807	6.91147e-26
50.0	0.1	30.0	5.49541	6.37615e-26
50.0	0.1	30.0	5.7544	4.68482e-26
50.0	0.1	30.0	6.0256	3.56896e-26
50.0	0.1	30.0	6.30957	2.66834e-26
50.0	0.1	30.0	6.60693	1.98702e-26
50.0	0.1	30.0	6.91831	1.43559e-26
50.0	0.1	30.0	7.24436	1.09701e-26
50.0	0.1	30.0	7.58578	8.18611e-27
50.0	0.1	30.0	7.94328	6.10835e-27
50.0	0.1	30.0	8.31764	4.57133e-27
50.0	0.1	30.0	8.70964	3.35586e-27
50.0	0.1	30.0	9.12011	1.97852e-28
50.0	0.1	30.0	9.54993	1.11672e-27
50.0	0.1	30.0	10.0	1.48361e-27
100.0	0.1	5.0	1.0	1.62316e-24
100.0	0.1	5.0	1.04713	1.21101e-24
100.0	0.1	5.0	1.09648	9.01944e-25
100.0	0.1	5.0	1.14815	6.70932e-25
100.0	0.1	5.0	1.20226	4.98983e-25
100.0	0.1	5.0	1.25893	3.68757e-25
100.0	0.1	5.0	1.31826	2.77099e-25
100.0	0.1	5.0	1.38038	2.07222e-25
100.0	0.1	5.0	1.44544	1.30859e-25
100.0	0.1	5.0	1.51356	1.1721e-25
100.0	0.1	5.0	1.58489	4.85401e-26
100.0	0.1	5.0	1.65959	6.72724e-26
100.0	0.1	5.0	1.7378	5.13533e-26
100.0	0.1	5.0	1.8197	3.91517e-26
100.0	0.1	5.0	1.90546	2.99862e-26
100.0	0.1	5.0	1.99526	2.28997e-26
100.0	0.1	5.0	2.0893	1.67399e-26
100.0	0.1	5.0	2.18776	1.33096e-26
100.0	0.1	5.0	2.29087	1.01121e-26
100.0	0.1	5.0	2.39883	7.31664e-27
100.0	0.1	5.0	2.51189	5.81562e-27
100.0	0.1	5.0	2.63027	4.4166e-27
100.0	0.1	5.0	2.75423	3.3152e-27
100.0	0.1	5.0	2.88403	2.5222e-27
100.0	0.1	5.0	3.01995	1.71358e-27
100.0	0.1	5.0	3.16228	1.45623e-27
100.0	0.1	5.0	3.31131	1.10427e-27
100.0	0.1	5.0	3.46737	8.21731e-28
100.0	0.1	5.0	3.63078	3.80441e-28
100.0	0.1	5.0	3.80189	4.81724e-28
100.0	0.1	5.0	3.98107	3.65938e-28
100.0	0.1	5.0	4.16869	1.42246e-28
100.0	0.1	5.0	4.36516	2.07301e-28
100.0	0.1	5.0	4.57088	1.59311e-28
100.0	0.1	5.0	4.7863	9.93278e-29
100.0	0.1	10.0	1.0	1.83514e-23
100.0	0.1	10.0	1.04713	1.40957e-23
100.0	0.1	10.0	1.09648	1.07971e-23
100.0	0.1	10.0	1.14815	8.24847e-24
100.0	0.1	10.0	1.20226	6.29367e-24
100.0	0.1	10.0	1.25893	4.78871e-24
100.0	0.1	10.0	1.31826	3.64931e-24
100.0	0.1	10.0	1.38038	2.77431e-24
100.0	0.1	10.0	1.44544	2.10936e-24
100.0	0.1	10.0	1.51356	1.60056e-24
100.0	0.1	10.0	1.58489	1.21218e-24
100.0	0.1	10.0	1.65959	9.12001e-25
100.0	0.1	10.0	1.7378	6.90704e-25
100.0	0.1	10.0	1.8197	5.13925e-25
100.0	0.1	10.0	1.90546	3.89476e-25
100.0	0.1	10.0	1.99526	2.90926e-25
100.0	0.1	10.0	2.0893	1.98313e-25
100.0	0.1	10.0	2.18776	1.61874e-25
100.0	0.1	10.0	2.29087	1.20411e-25
100.0	0.1	10.0	2.39883	7.9398e-26
100.0	0.1	10.0	2.51189	6.66806e-26
100.0	0.1	10.0	2.63027	4.96605e-26
100.0	0.1	10.0	2.75423	3.61358e-26
100.0	0.1	10.0	2.88403	2.61201e-26
100.0	0.1	10.0	3.01995	2.95616e-27
100.0	0.1	10.0	3.16228	1.59231e-26
100.0	0.1	10.0	3.31131	1.20505e-26
100.0	0.1	10.0	3.46737	9.1168e-27
100.0	0.1	10.0	3.63078	3.81948e-27
100.0	0.1	10.0	3.80189	2.39698e-27
100.0	0.1	10.0	3.98107	3.99595e-27
100.0	0.1	10.0	4.16869	3.06259e-28
100.0	0.1	10.0	4.36516	2.37274e-27
100.0	0.1	10.0	4.57088	1.81476e-27
100.0	0.1	10.0	4.7863	1.02131e-27
100.0	0.1	10.0	5.01187	3.18025e-28
100.0	0.1	10.0	5.24807	2.40223e-28
100.0	0.1	10.0	5.49541	1.68033e-28
100.0	0.1	10.0	5.7544	4.54421e-28
100.0	0.1	10.0	6.0256	3.40961e-28
100.0	0.1	10.0	6.30957	2.58456e-28
100.0	0.1	10.0	6.60693	1.97965e-28
100.0	0.1	10.0	6.91831	1.94398e-29
100.0	0.1	20.0	1.0	1.13528e-22
100.0	0.1	20.0	1.04713	9.13653e-23
100.0	0.1	20.0	1.09648	7.34232e-23
100.0	0.1	20.0	1.14815	5.88729e-23
100.0	0.1	20.0	1.20226	4.712e-23
100.0	0.1	20.0	1.25893	3.76044e-23
100.0	0.1	20.0	1.31826	2.99466e-23
100.0	0.1	20.0	1.38038	2.37696e-23
100.0	0.1	20.0	1.44544	1.8808e-23
100.0	0.1	20.0	1.51356	1.48273e-23
100.0	0.1	20.0	1.58489	1.16489e-23
100.0	0.1	20.0	1.65959	9.11473e-24
100.0	0.1	20.0	1.7378	7.10449e-24
100.0	0.1	20.0	1.8197	5.51631e-24
100.0	0.1	20.0	1.90546	4.2665e-24
100.0	0.1	20.0	1.99526	3.28543e-24
100.0	0.1	20.0	2.0893	2.5251e-24
100.0	0.1	20.0	2.18776	1.92514e-24
100.0	0.1	20.0	2.29087	1.47308e-24
100.0	0.1	20.0	2.39883	1.12683e-24
100.0	0.1	20.0	2.51189	8.59748e-25
100.0	0.1	20.0	2.63027	6.54493e-25
100.0	0.1	20.0	2.75423	4.9121e-25
100.0	0.1	20.0	2.88403	3.77683e-25
100.0	0.1	20.0	3.01995	2.74509e-25
100.0	0.1	20.0	3.16228	2.16051e-25
100.0	0.1	20.0	3.31131	1.57997e-25
100.0	0.1	20.0	3.46737	6.21674e-26
100.0	0.1	20.0	3.63078	9.3084e-26
100.0	0.1	20.0	3.80189	6.10392e-26
100.0	0.1	20.0	3.98107	5.19605e-26
100.0	0.1	20.0	4.16869	9.3945e-27
100.0	0.1	20.0	4.36516	1.52949e-26
100.0	0.1	20.0	4.57088	2.1601e-26
100.0	0.1	20.0	4.7863	1.63382e-27
100.0	0.1	20.0	5.01187	3.3365e-27
100.0	0.1	20.0	5.24807	1.80512e-28
100.0	0.1	20.0	5.49541	6.66086e-27
100.0	0.1	20.0	5.7544	4.73947e-27
100.0	0.1	20.0	6.0256	3.66439e-27
100.0	0.1	20.0	6.30957	2.17181e-27
100.0	0.1	20.0	6.60693	2.16425e-27
100.0	0.1	20.0	6.91831	4.29943e-28
100.0	0.1	20.0	7.24436	1.26026e-27
100.0	0.1	20.0	7.58578	9.27378e-28
100.0	0.1	20.0	7.94328	7.32032e-28
100.0	0.1	20.0	8.31764	5.61072e-28
100.0	0.1	20.0	8.70964	3.73783e-28
100.0	0.1	20.0	9.12011	4.86839e-29
100.0	0.1	30.0	1.0	2.66502e-22
100.0	0.1	30.0	1.04713	2.15937e-22
100.0	0.1	30.0	1.09648	1.7515e-22
100.0	0.1	30.0	1.14815	1.41892e-22
100.0	0.1	30.0	1.20226	1.14909e-22
100.0	0.1	30.0	1.25893	9.29541e-23
100.0	0.1	30.0	1.31826	7.51812e-23
100.0	0.1	30.0	1.38038	6.07299e-23
100.0	0.1	30.0	1.44544	4.90067e-23
100.0	0.1	30.0	1.51356	3.9488e-23
100.0	0.1	30.0	1.58489	3.17758e-23
100.0	0.1	30.0	1.65959	2.55228e-23
100.0	0.1	30.0	1.7378	2.04601e-23
100.0	0.1	30.0	1.8197	1.63666e-23
100.0	0.1	30.0	1.90546	1.30583e-23
100.0	0.1	30.0	1.99526	1.0387e-23
100.0	0.1	30.0	2.0893	8.24121e-24
100.0	0.1	30.0	2.18776	6.50267e-24
100.0	0.1	30.0	2.29087	5.12767e-24
100.0	0.1	30.0	2.39883	4.02932e-24
100.0	0.1	30.0	2.51189	3.15151e-24
100.0	0.1	30.0	2.63027	2.45465e-24
100.0	0.1	30.0	2.75423	1.90097e-24
100.0	0.1	30.0	2.88403	1.47163e-24
100.0	0.1	30.0	3.01995	1.12999e-24
100.0	0.1	30.0	3.16228	8.6987e-25
100.0	0.1	30.0	3.31131	6.65403e-25
100.0	0.1	30.0	3.46737	4.96218e-25
100.0	0.1	30.0	3.63078	3.884e-25
100.0	0.1	30.0	3.80189	2.94036e-25
100.0	0.1	30.0	3.98107	2.25207e-25
100.0	0.1	30.0	4.16869	1.69885e-25
100.0	0.1	30.0	4.36516	4.92502e-26
100.0	0.1	30.0	4.57088	9.83584e-26
100.0	0.1	30.0	4.7863	7.28674e-26
100.0	0.1	30.0	5.01187	4.04799e-26
100.0	0.1	30.0	5.24807	8.8461e-27
100.0	0.1	30.0	5.49541	3.19125e-26
100.0	0.1	30.0	5.7544	2.04834e-26
100.0	0.1	30.0	6.0256	1.57822e-26
100.0	0.1	30.0	6.30957	1.28429e-26
100.0	0.1	30.0	6.60693	9.90366e-27
100.0	0.1	30.0	6.91831	7.17017e-28
100.0	0.1	30.0	7.24436	5.50193e-27
100.0	0.1	30.0	7.58578	4.10048e-27
100.0	0.1	30.0	7.94328	3.05908e-27
100.0	0.1	30.0	8.31764	2.28668e-27
100.0	0.1	30.0	8.70964	1.25639e-27
100.0	0.1	30.0	9.12011	3.18406e-29
200.0	0.1	30.0	1.0	1.32998e-22
200.0	0.1	30.0	1.04713	1.07154e-22
200.0	0.1	30.0	1.09648	8.74745e-23
200.0	0.1	30.0	1.14815	7.08561e-23
200.0	0.1	30.0	1.20226	5.73729e-23
200.0	0.1	30.0	1.25893	4.64451e-23
200.0	0.1	30.0	1.31826	3.75799e-23
200.0	0.1	30.0	1.38038	3.03635e-23
200.0	0.1	30.0	1.44544	2.44502e-23
200.0	0.1	30.0	1.51356	1.97359e-23
200.0	0.1	30.0	1.58489	1.58918e-23
200.0	0.1	30.0	1.65959	1.27359e-23
200.0	0.1	30.0	1.7378	1.02302e-23
200.0	0.1	30.0	1.8197	8.18094e-24
200.0	0.1	30.0	1.90546	6.53093e-24
200.0	0.1	30.0	1.99526	5.19338e-24
200.0	0.1	30.0	2.0893	4.12099e-24
200.0	0.1	30.0	2.18776	3.21532e-24
200.0	0.1	30.0	2.29087	2.56042e-24
200.0	0.1	30.0	2.39883	2.00848e-24
200.0	0.1	30.0	2.51189	1.57678e-24
200.0	0.1	30.0	2.63027	1.22816e-24
200.0	0.1	30.0	2.75423	9.51444e-25
200.0	0.1	30.0	2.88403	7.36045e-25
200.0	0.1	30.0	3.01995	5.65636e-25
200.0	0.1	30.0	3.16228	4.33906e-25
200.0	0.1	30.0	3.31131	3.32269e-25
200.0	0.1	30.0	3.46737	1.9611e-25
200.0	0.1	30.0	3.63078	1.93675e-25
200.0	0.1	30.0	3.80189	1.43687e-25
200.0	0.1	30.0	3.98107	1.12678e-25
200.0	0.1	30.0	4.16869	8.51283e-26
200.0	0.1	30.0	4.36516	4.11635e-27
200.0	0.1	30.0	4.57088	3.99243e-26
200.0	0.1	30.0	4.7863	3.63666e-26
200.0	0.1	30.0	5.01187	2.04332e-26
200.0	0.1	30.0	5.24807	5.96629e-27
200.0	0.1	30.0	5.49541	1.58826e-26
200.0	0.1	30.0	5.7544	6.35923e-27
200.0	0.1	30.0	6.0256	1.57069e-27
200.0	0.1	30.0	6.30957	1.64349e-28
200.0	0.1	30.0	6.60693	8.17271e-28
