z0[m]	uref[m/s]	r0[m]	Noise[Hz^-1/2]
0.01	1	1.0	5.95345e-26
0.01	1	1.08138	5.50894e-26
0.01	1	1.16939	5.09761e-26
0.01	1	1.26456	4.71716e-26
0.01	1	1.36747	4.365e-26
0.01	1	1.47876	4.03906e-26
0.01	1	1.5991	3.73741e-26
0.01	1	1.72924	3.45831e-26
0.01	1	1.86997	3.19984e-26
0.01	1	2.02216	2.9607e-26
0.01	1	2.18672	2.73935e-26
0.01	1	2.36469	2.53448e-26
0.01	1	2.55713	2.3448e-26
0.01	1	2.76524	2.16944e-26
0.01	1	2.99028	2.00706e-26
0.01	1	3.23364	1.85675e-26
0.01	1	3.4968	1.7177e-26
0.01	1	3.78138	1.58898e-26
0.01	1	4.08911	1.4699e-26
0.01	1	4.4219	1.35969e-26
0.01	1	4.78176	1.25772e-26
0.01	1	5.17092	1.1634e-26
0.01	1	5.59174	1.07615e-26
0.01	1	6.04681	9.95376e-27
0.01	1	6.53891	9.20667e-27
0.01	1	7.07107	8.51557e-27
0.01	1	7.64653	7.87666e-27
0.01	1	8.26883	7.28515e-27
0.01	1	8.94176	6.73752e-27
0.01	1	9.66947	6.23201e-27
0.01	1	10.4564	5.7638e-27
0.01	1	11.3074	5.33079e-27
0.01	1	12.2276	4.93028e-27
0.01	1	13.2227	4.55955e-27
0.01	1	14.2988	4.21697e-27
0.01	1	15.4625	3.90007e-27
0.01	1	16.7209	3.60684e-27
0.01	1	18.0816	3.33577e-27
0.01	1	19.5532	3.08497e-27
0.01	1	21.1445	2.85264e-27
0.01	1	22.8653	2.63849e-27
0.01	1	24.7261	2.43999e-27
0.01	1	26.7384	2.25631e-27
0.01	1	28.9144	2.08679e-27
0.01	1	31.2675	1.92985e-27
0.01	1	33.8122	1.7846e-27
0.01	1	36.5639	1.65045e-27
0.01	1	39.5396	1.52626e-27
0.01	1	42.7574	1.41145e-27
0.01	1	46.2371	1.30532e-27
0.01	1	50.0	1.20712e-27
0.01	5	1.0	2.52076e-22
0.01	5	1.08138	1.94411e-22
0.01	5	1.16939	1.47245e-22
0.01	5	1.26456	1.09391e-22
0.01	5	1.36747	7.96436e-23
0.01	5	1.47876	5.68033e-23
0.01	5	1.5991	3.97028e-23
0.01	5	1.72924	2.72739e-23
0.01	5	1.86997	1.85622e-23
0.01	5	2.02216	1.27292e-23
0.01	5	2.18672	9.05796e-24
0.01	5	2.36469	6.90273e-24
0.01	5	2.55713	5.69107e-24
0.01	5	2.76524	4.98145e-24
0.01	5	2.99028	4.50446e-24
0.01	5	3.23364	4.13049e-24
0.01	5	3.4968	3.80784e-24
0.01	5	3.78138	3.51647e-24
0.01	5	4.08911	3.24925e-24
0.01	5	4.4219	3.00313e-24
0.01	5	4.78176	2.77603e-24
0.01	5	5.17092	2.5663e-24
0.01	5	5.59174	2.37256e-24
0.01	5	6.04681	2.19359e-24
0.01	5	6.53891	2.02831e-24
0.01	5	7.07107	1.87547e-24
0.01	5	7.64653	1.73425e-24
0.01	5	8.26883	1.60372e-24
0.01	5	8.94176	1.48299e-24
0.01	5	9.66947	1.37143e-24
0.01	5	10.4564	1.26824e-24
0.01	5	11.3074	1.17284e-24
0.01	5	12.2276	1.08463e-24
0.01	5	13.2227	1.00305e-24
0.01	5	14.2988	9.27607e-25
0.01	5	15.4625	8.57832e-25
0.01	5	16.7209	7.93305e-25
0.01	5	18.0816	7.33674e-25
0.01	5	19.5532	6.78478e-25
0.01	5	21.1445	6.27468e-25
0.01	5	22.8653	5.80277e-25
0.01	5	24.7261	5.36637e-25
0.01	5	26.7384	4.96274e-25
0.01	5	28.9144	4.58944e-25
0.01	5	31.2675	4.24423e-25
0.01	5	33.8122	3.92507e-25
0.01	5	36.5639	3.62972e-25
0.01	5	39.5396	3.35666e-25
0.01	5	42.7574	3.10317e-25
0.01	5	46.2371	2.87002e-25
0.01	5	50.0	2.65479e-25
0.01	10	1.0	4.50472e-21
0.01	10	1.08138	3.98642e-21
0.01	10	1.16939	3.49728e-21
0.01	10	1.26456	3.04026e-21
0.01	10	1.36747	2.61717e-21
0.01	10	1.47876	2.22938e-21
0.01	10	1.5991	1.87806e-21
0.01	10	1.72924	1.56311e-21
0.01	10	1.86997	1.28453e-21
0.01	10	2.02216	1.04119e-21
0.01	10	2.18672	8.31686e-22
0.01	10	2.36469	6.54016e-22
0.01	10	2.55713	5.05714e-22
0.01	10	2.76524	3.84094e-22
0.01	10	2.99028	2.8618e-22
0.01	10	3.23364	2.08942e-22
0.01	10	3.4968	1.49325e-22
0.01	10	3.78138	1.04402e-22
0.01	10	4.08911	7.14479e-23
0.01	10	4.4219	4.80192e-23
0.01	10	4.78176	3.19752e-23
0.01	10	5.17092	2.15297e-23
0.01	10	5.59174	1.51727e-23
0.01	10	6.04681	1.15875e-23
0.01	10	6.53891	9.63918e-24
0.01	10	7.07107	8.5041e-24
0.01	10	7.64653	7.72388e-24
0.01	10	8.26883	7.09637e-24
0.01	10	8.94176	6.54561e-24
0.01	10	9.66947	6.04541e-24
0.01	10	10.4564	5.58587e-24
0.01	10	11.3074	5.16227e-24
0.01	10	12.2276	4.77125e-24
0.01	10	13.2227	4.41059e-24
0.01	10	14.2988	4.0773e-24
0.01	10	15.4625	3.7695e-24
0.01	10	16.7209	3.4851e-24
0.01	10	18.0816	3.22232e-24
0.01	10	19.5532	2.97942e-24
0.01	10	21.1445	2.75498e-24
0.01	10	22.8653	2.54748e-24
0.01	10	24.7261	2.35566e-24
0.01	10	26.7384	2.17834e-24
0.01	10	28.9144	2.0143e-24
0.01	10	31.2675	1.86272e-24
0.01	10	33.8122	1.72258e-24
0.01	10	36.5639	1.59291e-24
0.01	10	39.5396	1.47305e-24
0.01	10	42.7574	1.36205e-24
0.01	10	46.2371	1.25964e-24
0.01	10	50.0	1.16496e-24
0.10	1	1.0	6.7769e-27
0.10	1	1.08138	6.3034e-27
0.10	1	1.16939	5.86262e-27
0.10	1	1.26456	5.4522e-27
0.10	1	1.36747	5.06961e-27
0.10	1	1.47876	4.71327e-27
0.10	1	1.5991	4.38122e-27
0.10	1	1.72924	4.07189e-27
0.10	1	1.86997	3.78359e-27
0.10	1	2.02216	3.51502e-27
0.10	1	2.18672	3.26483e-27
0.10	1	2.36469	3.03178e-27
0.10	1	2.55713	2.8148e-27
0.10	1	2.76524	2.61287e-27
0.10	1	2.99028	2.42494e-27
0.10	1	3.23364	2.25008e-27
0.10	1	3.4968	2.08738e-27
0.10	1	3.78138	1.93606e-27
0.10	1	4.08911	1.79543e-27
0.10	1	4.4219	1.66473e-27
0.10	1	4.78176	1.54335e-27
0.10	1	5.17092	1.43054e-27
0.10	1	5.59174	1.32581e-27
0.10	1	6.04681	1.22854e-27
0.10	1	6.53891	1.13827e-27
0.10	1	7.07107	1.05447e-27
0.10	1	7.64653	9.76777e-28
0.10	1	8.26883	9.04636e-28
0.10	1	8.94176	8.37808e-28
0.10	1	9.66947	7.75812e-28
0.10	1	10.4564	7.18338e-28
0.10	1	11.3074	6.65053e-28
0.10	1	12.2276	6.15666e-28
0.10	1	13.2227	5.69901e-28
0.10	1	14.2988	5.27535e-28
0.10	1	15.4625	4.88227e-28
0.10	1	16.7209	4.51884e-28
0.10	1	18.0816	4.18187e-28
0.10	1	19.5532	3.86988e-28
0.10	1	21.1445	3.58035e-28
0.10	1	22.8653	3.31343e-28
0.10	1	24.7261	3.06543e-28
0.10	1	26.7384	2.83644e-28
0.10	1	28.9144	2.62432e-28
0.10	1	31.2675	2.42734e-28
0.10	1	33.8122	2.24608e-28
0.10	1	36.5639	2.07777e-28
0.10	1	39.5396	1.92209e-28
0.10	1	42.7574	1.77813e-28
0.10	1	46.2371	1.64466e-28
0.10	1	50.0	1.52139e-28
0.10	5	1.0	2.94689e-22
0.10	5	1.08138	2.34753e-22
0.10	5	1.16939	1.84001e-22
0.10	5	1.26456	1.4173e-22
0.10	5	1.36747	1.07137e-22
0.10	5	1.47876	7.93746e-23
0.10	5	1.5991	5.75469e-23
0.10	5	1.72924	4.07597e-23
0.10	5	1.86997	2.81551e-23
0.10	5	2.02216	1.89348e-23
0.10	5	2.18672	1.23777e-23
0.10	5	2.36469	7.85604e-24
0.10	5	2.55713	4.84492e-24
0.10	5	2.76524	2.91936e-24
0.10	5	2.99028	1.75213e-24
0.10	5	3.23364	1.09813e-24
0.10	5	3.4968	7.71078e-25
0.10	5	3.78138	6.2138e-25
0.10	5	4.08911	5.47364e-25
0.10	5	4.4219	4.99582e-25
0.10	5	4.78176	4.60888e-25
0.10	5	5.17092	4.26361e-25
0.10	5	5.59174	3.94661e-25
0.10	5	6.04681	3.65364e-25
0.10	5	6.53891	3.38275e-25
0.10	5	7.07107	3.13184e-25
0.10	5	7.64653	2.89949e-25
0.10	5	8.26883	2.68435e-25
0.10	5	8.94176	2.48504e-25
0.10	5	9.66947	2.3004e-25
0.10	5	10.4564	2.12964e-25
0.10	5	11.3074	1.97116e-25
0.10	5	12.2276	1.82472e-25
0.10	5	13.2227	1.68893e-25
0.10	5	14.2988	1.56313e-25
0.10	5	15.4625	1.44649e-25
0.10	5	16.7209	1.33879e-25
0.10	5	18.0816	1.23899e-25
0.10	5	19.5532	1.1465e-25
0.10	5	21.1445	1.06093e-25
0.10	5	22.8653	9.81666e-26
0.10	5	24.7261	9.08341e-26
0.10	5	26.7384	8.40384e-26
0.10	5	28.9144	7.77552e-26
0.10	5	31.2675	7.1938e-26
0.10	5	33.8122	6.6553e-26
0.10	5	36.5639	6.15701e-26
0.10	5	39.5396	5.69528e-26
0.10	5	42.7574	5.25676e-26
0.10	5	46.2371	4.86485e-26
0.10	5	50.0	4.50848e-26
0.10	10	1.0	4.8774e-21
0.10	10	1.08138	4.39569e-21
0.10	10	1.16939	3.9336e-21
0.10	10	1.26456	3.49398e-21
0.10	10	1.36747	3.07835e-21
0.10	10	1.47876	2.68906e-21
0.10	10	1.5991	2.3275e-21
0.10	10	1.72924	1.9947e-21
0.10	10	1.86997	1.69151e-21
0.10	10	2.02216	1.41832e-21
0.10	10	2.18672	1.17475e-21
0.10	10	2.36469	9.60508e-22
0.10	10	2.55713	7.74332e-22
0.10	10	2.76524	6.1494e-22
0.10	10	2.99028	4.8053e-22
0.10	10	3.23364	3.68998e-22
0.10	10	3.4968	2.7811e-22
0.10	10	3.78138	2.05445e-22
0.10	10	4.08911	1.48531e-22
0.10	10	4.4219	1.04937e-22
0.10	10	4.78176	7.23444e-23
0.10	10	5.17092	4.86136e-23
0.10	10	5.59174	3.18299e-23
0.10	10	6.04681	2.03608e-23
0.10	10	6.53891	1.28339e-23
0.10	10	7.07107	8.15769e-24
0.10	10	7.64653	5.47441e-24
0.10	10	8.26883	4.07639e-24
0.10	10	8.94176	3.38398e-24
0.10	10	9.66947	3.00337e-24
0.10	10	10.4564	2.74158e-24
0.10	10	11.3074	2.5262e-24
0.10	10	12.2276	2.33394e-24
0.10	10	13.2227	2.15796e-24
0.10	10	14.2988	1.99561e-24
0.10	10	15.4625	1.84571e-24
0.10	10	16.7209	1.70696e-24
0.10	10	18.0816	1.579e-24
0.10	10	19.5532	1.46053e-24
0.10	10	21.1445	1.35099e-24
0.10	10	22.8653	1.24966e-24
0.10	10	24.7261	1.15593e-24
0.10	10	26.7384	1.06923e-24
0.10	10	28.9144	9.89056e-25
0.10	10	31.2675	9.14876e-25
0.10	10	33.8122	8.46266e-25
0.10	10	36.5639	7.82633e-25
0.10	10	39.5396	7.23983e-25
0.10	10	42.7574	6.6955e-25
0.10	10	46.2371	6.19167e-25
0.10	10	50.0	5.73003e-25
0.10	15	1.0	1.47239e-20
0.10	15	1.08138	1.3751e-20
0.10	15	1.16939	1.27829e-20
0.10	15	1.26456	1.18245e-20
0.10	15	1.36747	1.08804e-20
0.10	15	1.47876	9.95798e-21
0.10	15	1.5991	9.05811e-21
0.10	15	1.72924	8.18828e-21
0.10	15	1.86997	7.35187e-21
0.10	15	2.02216	6.55361e-21
0.10	15	2.18672	5.79743e-21
0.10	15	2.36469	5.08603e-21
0.10	15	2.55713	4.42337e-21
0.10	15	2.76524	3.8105e-21
0.10	15	2.99028	3.24993e-21
0.10	15	3.23364	2.74209e-21
0.10	15	3.4968	2.28703e-21
0.10	15	3.78138	1.88391e-21
0.10	15	4.08911	1.53148e-21
0.10	15	4.4219	1.22723e-21
0.10	15	4.78176	9.68513e-22
0.10	15	5.17092	7.51814e-22
0.10	15	5.59174	5.73388e-22
0.10	15	6.04681	4.29128e-22
0.10	15	6.53891	3.14666e-22
0.10	15	7.07107	2.25828e-22
0.10	15	7.64653	1.58397e-22
0.10	15	8.26883	1.08508e-22
0.10	15	8.94176	7.26369e-23
0.10	15	9.66947	4.76617e-23
0.10	15	10.4564	3.09781e-23
0.10	15	11.3074	2.04221e-23
0.10	15	12.2276	1.42329e-23
0.10	15	13.2227	1.08988e-23
0.10	15	14.2988	9.154e-24
0.10	15	15.4625	8.14492e-24
0.10	15	16.7209	7.43356e-24
0.10	15	18.0816	6.84654e-24
0.10	15	19.5532	6.32457e-24
0.10	15	21.1445	5.84634e-24
0.10	15	22.8653	5.40556e-24
0.10	15	24.7261	4.99796e-24
0.10	15	26.7384	4.62229e-24
0.10	15	28.9144	4.27348e-24
0.10	15	31.2675	3.9533e-24
0.10	15	33.8122	3.65617e-24
0.10	15	36.5639	3.38131e-24
0.10	15	39.5396	3.12723e-24
0.10	15	42.7574	2.89085e-24
0.10	15	46.2371	2.67286e-24
0.10	15	50.0	2.47416e-24
0.10	20	1.0	2.82533e-20
0.10	20	1.08138	2.6849e-20
0.10	20	1.16939	2.54269e-20
0.10	20	1.26456	2.39909e-20
0.10	20	1.36747	2.25454e-20
0.10	20	1.47876	2.10987e-20
0.10	20	1.5991	1.96555e-20
0.10	20	1.72924	1.8225e-20
0.10	20	1.86997	1.68132e-20
0.10	20	2.02216	1.54262e-20
0.10	20	2.18672	1.40731e-20
0.10	20	2.36469	1.27601e-20
0.10	20	2.55713	1.14951e-20
0.10	20	2.76524	1.0283e-20
0.10	20	2.99028	9.13198e-21
0.10	20	3.23364	8.04524e-21
0.10	20	3.4968	7.02822e-21
0.10	20	3.78138	6.08473e-21
0.10	20	4.08911	5.21738e-21
0.10	20	4.4219	4.42765e-21
0.10	20	4.78176	3.71644e-21
0.10	20	5.17092	3.08299e-21
0.10	20	5.59174	2.52511e-21
0.10	20	6.04681	2.04006e-21
0.10	20	6.53891	1.62454e-21
0.10	20	7.07107	1.27346e-21
0.10	20	7.64653	9.81586e-22
0.10	20	8.26883	7.43202e-22
0.10	20	8.94176	5.51933e-22
0.10	20	9.66947	4.01565e-22
0.10	20	10.4564	2.8592e-22
0.10	20	11.3074	1.99074e-22
0.10	20	12.2276	1.35633e-22
0.10	20	13.2227	9.06849e-23
0.10	20	14.2988	6.00219e-23
0.10	20	15.4625	4.01517e-23
0.10	20	16.7209	2.81279e-23
0.10	20	18.0816	2.13957e-23
0.10	20	19.5532	1.77968e-23
0.10	20	21.1445	1.57179e-23
0.10	20	22.8653	1.42937e-23
0.10	20	24.7261	1.31453e-23
0.10	20	26.7384	1.21354e-23
0.10	20	28.9144	1.12147e-23
0.10	20	31.2675	1.03688e-23
0.10	20	33.8122	9.58722e-24
0.10	20	36.5639	8.86504e-24
0.10	20	39.5396	8.19764e-24
0.10	20	42.7574	7.57916e-24
0.10	20	46.2371	7.00897e-24
0.10	20	50.0	6.48328e-24
0.10	25	1.0	4.43068e-20
0.10	25	1.08138	4.25554e-20
0.10	25	1.16939	4.07577e-20
0.10	25	1.26456	3.89181e-20
0.10	25	1.36747	3.70403e-20
0.10	25	1.47876	3.51331e-20
0.10	25	1.5991	3.3202e-20
0.10	25	1.72924	3.12589e-20
0.10	25	1.86997	2.9306e-20
0.10	25	2.02216	2.73558e-20
0.10	25	2.18672	2.5417e-20
0.10	25	2.36469	2.34978e-20
0.10	25	2.55713	2.16106e-20
0.10	25	2.76524	1.97646e-20
0.10	25	2.99028	1.79696e-20
0.10	25	3.23364	1.62329e-20
0.10	25	3.4968	1.45664e-20
0.10	25	3.78138	1.29776e-20
0.10	25	4.08911	1.14732e-20
0.10	25	4.4219	1.00615e-20
0.10	25	4.78176	8.7466e-21
0.10	25	5.17092	7.53351e-21
0.10	25	5.59174	6.42449e-21
0.10	25	6.04681	5.42077e-21
0.10	25	6.53891	4.5225e-21
0.10	25	7.07107	3.72703e-21
0.10	25	7.64653	3.03154e-21
0.10	25	8.26883	2.43172e-21
0.10	25	8.94176	1.92166e-21
0.10	25	9.66947	1.49426e-21
0.10	25	10.4564	1.14198e-21
0.10	25	11.3074	8.56799e-22
0.10	25	12.2276	6.30341e-22
0.10	25	13.2227	4.5421e-22
0.10	25	14.2988	3.20288e-22
0.10	25	15.4625	2.21077e-22
0.10	25	16.7209	1.49686e-22
0.10	25	18.0816	1.00062e-22
0.10	25	19.5532	6.71594e-23
0.10	25	21.1445	4.66139e-23
0.10	25	22.8653	3.47234e-23
0.10	25	24.7261	2.82274e-23
0.10	25	26.7384	2.45717e-23
0.10	25	28.9144	2.21923e-23
0.10	25	31.2675	2.03588e-23
0.10	25	33.8122	1.87778e-23
0.10	25	36.5639	1.73492e-23
0.10	25	39.5396	1.60385e-23
0.10	25	42.7574	1.48262e-23
0.10	25	46.2371	1.371e-23
0.10	25	50.0	1.26789e-23
0.10	30	1.0	6.2145e-20
0.10	30	1.08138	6.01154e-20
0.10	30	1.16939	5.8015e-20
0.10	30	1.26456	5.58459e-20
0.10	30	1.36747	5.36109e-20
0.10	30	1.47876	5.13171e-20
0.10	30	1.5991	4.89702e-20
0.10	30	1.72924	4.65799e-20
0.10	30	1.86997	4.41498e-20
0.10	30	2.02216	4.16918e-20
0.10	30	2.18672	3.92168e-20
0.10	30	2.36469	3.67331e-20
0.10	30	2.55713	3.42549e-20
0.10	30	2.76524	3.17933e-20
0.10	30	2.99028	2.9362e-20
0.10	30	3.23364	2.69689e-20
0.10	30	3.4968	2.46321e-20
0.10	30	3.78138	2.23643e-20
0.10	30	4.08911	2.01732e-20
0.10	30	4.4219	1.8074e-20
0.10	30	4.78176	1.6075e-20
0.10	30	5.17092	1.41877e-20
0.10	30	5.59174	1.2419e-20
0.10	30	6.04681	1.07765e-20
0.10	30	6.53891	9.26315e-21
0.10	30	7.07107	7.88233e-21
0.10	30	7.64653	6.63711e-21
0.10	30	8.26883	5.52443e-21
0.10	30	8.94176	4.5421e-21
0.10	30	9.66947	3.68572e-21
0.10	30	10.4564	2.94889e-21
0.10	30	11.3074	2.32409e-21
0.10	30	12.2276	1.802e-21
0.10	30	13.2227	1.37328e-21
0.10	30	14.2988	1.02733e-21
0.10	30	15.4625	7.53551e-22
0.10	30	16.7209	5.41299e-22
0.10	30	18.0816	3.80687e-22
0.10	30	19.5532	2.62119e-22
0.10	30	21.1445	1.77312e-22
0.10	30	22.8653	1.18764e-22
0.10	30	24.7261	8.02521e-23
0.10	30	26.7384	5.65303e-23
0.10	30	28.9144	4.2968e-23
0.10	30	31.2675	3.55538e-23
0.10	30	33.8122	3.12621e-23
0.10	30	36.5639	2.83624e-23
0.10	30	39.5396	2.60581e-23
0.10	30	42.7574	2.40404e-23
0.10	30	46.2371	2.22189e-23
0.10	30	50.0	2.05421e-23
1.00	5	1.0	9.35864e-22
1.00	5	1.08138	8.08074e-22
1.00	5	1.16939	6.90506e-22
1.00	5	1.26456	5.83534e-22
1.00	5	1.36747	4.87211e-22
1.00	5	1.47876	4.01606e-22
1.00	5	1.5991	3.26499e-22
1.00	5	1.72924	2.61524e-22
1.00	5	1.86997	2.06172e-22
1.00	5	2.02216	1.59756e-22
1.00	5	2.18672	1.21528e-22
1.00	5	2.36469	9.06302e-23
1.00	5	2.55713	6.61538e-23
1.00	5	2.76524	4.71889e-23
1.00	5	2.99028	3.28362e-23
1.00	5	3.23364	2.22463e-23
1.00	5	3.4968	1.46437e-23
1.00	5	3.78138	9.34506e-24
1.00	5	4.08911	5.76824e-24
1.00	5	4.4219	3.43544e-24
1.00	5	4.78176	1.96998e-24
1.00	5	5.17092	1.0868e-24
1.00	5	5.59174	5.79251e-25
1.00	5	6.04681	3.05233e-25
1.00	5	6.53891	1.71417e-25
1.00	5	7.07107	1.16057e-25
1.00	5	7.64653	9.5728e-26
1.00	5	8.26883	8.6417e-26
1.00	5	8.94176	7.98989e-26
1.00	5	9.66947	7.42346e-26
1.00	5	10.4564	6.90335e-26
1.00	5	11.3074	6.42034e-26
1.00	5	12.2276	5.97087e-26
1.00	5	13.2227	5.55271e-26
1.00	5	14.2988	5.16298e-26
1.00	5	15.4625	4.80008e-26
1.00	5	16.7209	4.46188e-26
1.00	5	18.0816	4.14732e-26
1.00	5	19.5532	3.85351e-26
1.00	5	21.1445	3.58058e-26
1.00	5	22.8653	3.326e-26
1.00	5	24.7261	3.08906e-26
1.00	5	26.7384	2.86813e-26
1.00	5	28.9144	2.66275e-26
1.00	5	31.2675	2.4715e-26
1.00	5	33.8122	2.29352e-26
1.00	5	36.5639	2.12784e-26
1.00	5	39.5396	1.97396e-26
1.00	5	42.7574	1.82561e-26
1.00	5	46.2371	1.69639e-26
1.00	5	50.0	1.57414e-26
1.00	10	1.0	9.38728e-21
1.00	10	1.08138	8.79797e-21
1.00	10	1.16939	8.21133e-21
1.00	10	1.26456	7.62556e-21
1.00	10	1.36747	7.04652e-21
1.00	10	1.47876	6.47767e-21
1.00	10	1.5991	5.91922e-21
1.00	10	1.72924	5.37645e-21
1.00	10	1.86997	4.85079e-21
1.00	10	2.02216	4.34424e-21
1.00	10	2.18672	3.86332e-21
1.00	10	2.36469	3.40682e-21
1.00	10	2.55713	2.97871e-21
1.00	10	2.76524	2.57961e-21
1.00	10	2.99028	2.21247e-21
1.00	10	3.23364	1.87721e-21
1.00	10	3.4968	1.57468e-21
1.00	10	3.78138	1.30467e-21
1.00	10	4.08911	1.06683e-21
1.00	10	4.4219	8.60065e-22
1.00	10	4.78176	6.82811e-22
1.00	10	5.17092	5.33306e-22
1.00	10	5.59174	4.09237e-22
1.00	10	6.04681	3.08119e-22
1.00	10	6.53891	2.27294e-22
1.00	10	7.07107	1.64015e-22
1.00	10	7.64653	1.15582e-22
1.00	10	8.26883	7.93881e-23
1.00	10	8.94176	5.30589e-23
1.00	10	9.66947	3.4422e-23
1.00	10	10.4564	2.16345e-23
1.00	10	11.3074	1.31404e-23
1.00	10	12.2276	7.70182e-24
1.00	10	13.2227	4.35561e-24
1.00	10	14.2988	2.39146e-24
1.00	10	15.4625	1.30981e-24
1.00	10	16.7209	7.72277e-25
1.00	10	18.0816	5.43981e-25
1.00	10	19.5532	4.54629e-25
1.00	10	21.1445	4.10582e-25
1.00	10	22.8653	3.78909e-25
1.00	10	24.7261	3.51259e-25
1.00	10	26.7384	3.25875e-25
1.00	10	28.9144	3.02355e-25
1.00	10	31.2675	2.80466e-25
1.00	10	33.8122	2.60176e-25
1.00	10	36.5639	2.41287e-25
1.00	10	39.5396	2.23734e-25
1.00	10	42.7574	2.07476e-25
1.00	10	46.2371	1.91885e-25
1.00	10	50.0	1.78324e-25