r0[m]	z0[m]	uref[m/s]	nu[Hz]	Noise[Hz^-1/2]
5	0.01	1	1.0	9.29609e-25
5	0.01	1	1.04713	7.0431e-25
5	0.01	1	1.09648	5.32516e-25
5	0.01	1	1.14815	4.01676e-25
5	0.01	1	1.20226	3.02162e-25
5	0.01	1	1.25893	2.26681e-25
5	0.01	1	1.31826	1.69604e-25
5	0.01	1	1.38038	1.26594e-25
5	0.01	1	1.44544	9.43084e-26
5	0.01	1	1.51356	7.01694e-26
5	0.01	1	1.58489	5.21872e-26
5	0.01	1	1.65959	3.88342e-26
5	0.01	1	1.7378	2.89436e-26
5	0.01	1	1.8197	2.16279e-26
5	0.01	1	1.90546	1.62166e-26
5	0.01	1	1.99526	1.22065e-26
5	0.01	1	2.0893	9.22479e-27
5	0.01	1	2.18776	6.99655e-27
5	0.01	1	2.29087	5.32154e-27
5	0.01	1	2.39883	4.05466e-27
5	0.01	1	2.51189	3.09132e-27
5	0.01	1	2.63027	2.35548e-27
5	0.01	1	2.75423	1.79197e-27
5	0.01	1	2.88403	1.36018e-27
5	0.01	1	3.01995	1.02956e-27
5	0.01	1	3.16228	7.76901e-28
5	0.01	1	3.31131	5.84406e-28
5	0.01	1	3.46737	4.38236e-28
5	0.01	1	3.63078	3.27593e-28
5	0.01	1	3.80189	2.44121e-28
5	0.01	1	3.98107	1.81284e-28
5	0.01	1	4.16869	1.34091e-28
5	0.01	1	4.36516	9.87186e-29
5	0.01	5	1.0	7.75883e-23
5	0.01	5	1.04713	5.90831e-23
5	0.01	5	1.09648	4.6065e-23
5	0.01	5	1.14815	3.64908e-23
5	0.01	5	1.20226	2.91922e-23
5	0.01	5	1.25893	2.34801e-23
5	0.01	5	1.31826	1.89368e-23
5	0.01	5	1.38038	1.52893e-23
5	0.01	5	1.44544	1.23462e-23
5	0.01	5	1.51356	9.96504e-24
5	0.01	5	1.58489	8.03728e-24
5	0.01	5	1.65959	6.47523e-24
5	0.01	5	1.7378	5.20987e-24
5	0.01	5	1.8197	4.1851e-24
5	0.01	5	1.90546	3.35578e-24
5	0.01	5	1.99526	2.68503e-24
5	0.01	5	2.0893	2.14349e-24
5	0.01	5	2.18776	1.70658e-24
5	0.01	5	2.29087	1.35472e-24
5	0.01	5	2.39883	1.07201e-24
5	0.01	5	2.51189	8.45383e-25
5	0.01	5	2.63027	6.64221e-25
5	0.01	5	2.75423	5.19897e-25
5	0.01	5	2.88403	4.05326e-25
5	0.01	5	3.01995	3.14797e-25
5	0.01	5	3.16228	2.43539e-25
5	0.01	5	3.31131	1.87736e-25
5	0.01	5	3.46737	1.44253e-25
5	0.01	5	3.63078	1.10526e-25
5	0.01	5	3.80189	8.44895e-26
5	0.01	5	3.98107	6.44718e-26
5	0.01	5	4.16869	4.91269e-26
5	0.01	5	4.36516	3.74e-26
5	0.01	5	4.57088	2.84451e-26
5	0.01	5	4.7863	2.16124e-26
5	0.01	5	5.01187	1.63993e-26
5	0.01	5	5.24807	1.24249e-26
5	0.01	5	5.49541	9.39278e-27
5	0.01	5	5.7544	7.08413e-27
5	0.01	5	6.0256	5.3285e-27
5	0.01	5	6.30957	3.99633e-27
5	0.01	5	6.60693	2.9895e-27
5	0.01	5	6.91831	2.23155e-27
5	0.01	5	7.24436	1.6622e-27
5	0.01	5	7.58578	1.2367e-27
5	0.01	5	7.94328	9.19632e-28
5	0.01	5	8.31764	6.84547e-28
5	0.01	5	8.70964	5.10013e-28
5	0.01	5	9.12011	3.81247e-28
5	0.01	5	9.54993	2.85981e-28
5	0.01	5	10.0	2.15303e-28
5	0.01	10	1.0	7.71611e-21
5	0.01	10	1.04713	5.54435e-21
5	0.01	10	1.09648	3.95656e-21
5	0.01	10	1.14815	2.80387e-21
5	0.01	10	1.20226	1.97247e-21
5	0.01	10	1.25893	1.37733e-21
5	0.01	10	1.31826	9.54422e-22
5	0.01	10	1.38038	6.56266e-22
5	0.01	10	1.44544	4.47735e-22
5	0.01	10	1.51356	3.03056e-22
5	0.01	10	1.58489	2.03581e-22
5	0.01	10	1.65959	1.35782e-22
5	0.01	10	1.7378	9.00142e-23
5	0.01	10	1.8197	5.94323e-23
5	0.01	10	1.90546	3.92021e-23
5	0.01	10	1.99526	2.59704e-23
5	0.01	10	2.0893	1.74087e-23
5	0.01	10	2.18776	1.19164e-23
5	0.01	10	2.29087	8.39748e-24
5	0.01	10	2.39883	6.12256e-24
5	0.01	10	2.51189	4.61185e-24
5	0.01	10	2.63027	3.56614e-24
5	0.01	10	2.75423	2.80832e-24
5	0.01	10	2.88403	2.23736e-24
5	0.01	10	3.01995	1.7932e-24
5	0.01	10	3.16228	1.44116e-24
5	0.01	10	3.31131	1.15913e-24
5	0.01	10	3.46737	9.31968e-25
5	0.01	10	3.63078	7.48453e-25
5	0.01	10	3.80189	6.00102e-25
5	0.01	10	3.98107	4.80198e-25
5	0.01	10	4.16869	3.83362e-25
5	0.01	10	4.36516	3.05264e-25
5	0.01	10	4.57088	2.42368e-25
5	0.01	10	4.7863	1.91811e-25
5	0.01	10	5.01187	1.5128e-25
5	0.01	10	5.24807	1.18889e-25
5	0.01	10	5.49541	9.3079e-26
5	0.01	10	5.7544	7.25861e-26
5	0.01	10	6.0256	5.63824e-26
5	0.01	10	6.30957	4.36288e-26
5	0.01	10	6.60693	3.36385e-26
5	0.01	10	6.91831	2.58507e-26
5	0.01	10	7.24436	1.9809e-26
5	0.01	10	7.58578	1.51447e-26
5	0.01	10	7.94328	1.15572e-26
5	0.01	10	8.31764	8.80774e-27
5	0.01	10	8.70964	6.70518e-27
5	0.01	10	9.12011	5.09554e-27
5	0.01	10	9.54993	3.87519e-27
5	0.01	10	10.0	2.94065e-27
5	0.01	30	1.0	3.85767e-19
5	0.01	30	1.04373	3.15278e-19
5	0.01	30	1.08936	2.57088e-19
5	0.01	30	1.13699	2.0918e-19
5	0.01	30	1.18671	1.69794e-19
5	0.01	30	1.2386	1.37492e-19
5	0.01	30	1.29276	1.11058e-19
5	0.01	30	1.34928	8.94709e-20
5	0.01	30	1.40828	7.18876e-20
5	0.01	30	1.46986	5.76026e-20
5	0.01	30	1.53413	4.60254e-20
5	0.01	30	1.60121	3.66696e-20
5	0.01	30	1.67122	2.9127e-20
5	0.01	30	1.74429	2.3064e-20
5	0.01	30	1.82056	1.82071e-20
5	0.01	30	1.90017	1.43243e-20
5	0.01	30	1.98325	1.1233e-20
5	0.01	30	2.06997	8.7788e-21
5	0.01	30	2.16048	6.8357e-21
5	0.01	30	2.25495	5.30439e-21
5	0.01	30	2.35355	4.10034e-21
5	0.01	30	2.45646	3.15821e-21
5	0.01	30	2.56386	2.42268e-21
5	0.01	30	2.67597	1.85132e-21
5	0.01	30	2.79298	1.40889e-21
5	0.01	30	2.9151	1.0676e-21
5	0.01	30	3.04256	8.05488e-22
5	0.01	30	3.1756	6.05053e-22
5	0.01	30	3.31445	4.52455e-22
5	0.01	30	3.45938	3.36722e-22
5	0.01	30	3.61064	2.49348e-22
5	0.01	30	3.76852	1.83762e-22
5	0.01	30	3.9333	1.34706e-22
5	0.01	30	4.10528	9.82169e-23
5	0.01	30	4.28478	7.12157e-23
5	0.01	30	4.47214	5.13413e-23
5	0.01	30	4.66768	3.67964e-23
5	0.01	30	4.87178	2.62083e-23
5	0.01	30	5.08479	1.85506e-23
5	0.01	30	5.30713	1.30461e-23
5	0.01	30	5.53918	9.11705e-24
5	0.01	30	5.78138	6.32875e-24
5	0.01	30	6.03418	4.36625e-24
5	0.01	30	6.29802	2.99413e-24
5	0.01	30	6.5734	2.04258e-24
5	0.01	30	6.86083	1.38887e-24
5	0.01	30	7.16082	9.42936e-25
5	0.01	30	7.47392	6.41994e-25
5	0.01	30	7.80072	4.40317e-25
5	0.01	30	8.14181	3.06583e-25
5	0.01	30	8.49781	2.1808e-25
5	0.01	30	8.86938	1.59351e-25
5	0.01	30	9.2572	1.1982e-25
5	0.01	30	9.66197	9.23971e-26
5	0.01	30	10.0844	7.27857e-26
5	0.01	30	10.5254	5.80425e-26
5	0.01	30	10.9856	4.67649e-26
5	0.01	30	11.466	3.78163e-26
5	0.01	30	11.9673	3.06201e-26
5	0.01	30	12.4906	2.47887e-26
5	0.01	30	13.0367	2.00433e-26
5	0.01	30	13.6068	1.61713e-26
5	0.01	30	14.2017	1.3019e-26
5	0.01	30	14.8227	1.04506e-26
5	0.01	30	15.4708	8.36342e-27
5	0.01	30	16.1473	6.66443e-27
5	0.01	30	16.8533	5.30351e-27
5	0.01	30	17.5902	4.20295e-27
5	0.01	30	18.3594	3.31794e-27
5	0.01	30	19.1621	2.61181e-27
5	0.01	30	20.0	2.05015e-27
5	0.10	1	1.0	9.5786e-26
5	0.10	1	1.04713	7.26493e-26
5	0.10	1	1.09648	5.5101e-26
5	0.10	1	1.14815	4.17922e-26
5	0.10	1	1.20226	3.16954e-26
5	0.10	1	1.25893	2.40386e-26
5	0.10	1	1.31826	1.82297e-26
5	0.10	1	1.38038	1.38243e-26
5	0.10	1	1.44544	1.04823e-26
5	0.10	1	1.51356	7.94726e-27
5	0.10	1	1.58489	6.02431e-27
5	0.10	1	1.65959	4.56549e-27
5	0.10	1	1.7378	3.45879e-27
5	0.10	1	1.8197	2.6193e-27
5	0.10	1	1.90546	1.9825e-27
5	0.10	1	1.99526	1.49941e-27
5	0.10	1	2.0893	1.13304e-27
5	0.10	1	2.18776	8.5516e-28
5	0.10	1	2.29087	6.44467e-28
5	0.10	1	2.39883	4.84805e-28
5	0.10	1	2.51189	3.63852e-28
5	0.10	1	2.63027	2.72311e-28
5	0.10	1	2.75423	2.03101e-28
5	0.10	1	2.88403	1.50858e-28
5	0.10	1	3.01995	1.1151e-28
5	0.10	1	3.16228	8.195e-29
5	0.10	5	1.0	8.67175e-23
5	0.10	5	1.04713	5.54512e-23
5	0.10	5	1.09648	3.5464e-23
5	0.10	5	1.14815	2.27959e-23
5	0.10	5	1.20226	1.48189e-23
5	0.10	5	1.25893	9.8061e-24
5	0.10	5	1.31826	6.64095e-24
5	0.10	5	1.38038	4.61661e-24
5	0.10	5	1.44544	3.29308e-24
5	0.10	5	1.51356	2.40081e-24
5	0.10	5	1.58489	1.78059e-24
5	0.10	5	1.65959	1.33673e-24
5	0.10	5	1.7378	1.01157e-24
5	0.10	5	1.8197	7.69148e-25
5	0.10	5	1.90546	5.86163e-25
5	0.10	5	1.99526	4.46979e-25
5	0.10	5	2.0893	3.40685e-25
5	0.10	5	2.18776	2.59316e-25
5	0.10	5	2.29087	1.97075e-25
5	0.10	5	2.39883	1.49549e-25
5	0.10	5	2.51189	1.13346e-25
5	0.10	5	2.63027	8.58419e-26
5	0.10	5	2.75423	6.49924e-26
5	0.10	5	2.88403	4.92113e-26
5	0.10	5	3.01995	3.72763e-26
5	0.10	5	3.16228	2.82514e-26
5	0.10	5	3.31131	2.14193e-26
5	0.10	5	3.46737	1.62454e-26
5	0.10	5	3.63078	1.23222e-26
5	0.10	5	3.80189	9.34676e-27
5	0.10	5	3.98107	7.08954e-27
5	0.10	5	4.16869	5.37648e-27
5	0.10	5	4.36516	4.07762e-27
5	0.10	5	4.57088	3.09248e-27
5	0.10	5	4.7863	2.34528e-27
5	0.10	5	5.01187	1.77866e-27
5	0.10	5	5.24807	1.34898e-27
5	0.10	5	5.49541	1.02309e-27
5	0.10	5	5.7544	7.75899e-28
5	0.10	5	6.0256	5.88404e-28
5	0.10	5	6.30957	4.46206e-28
5	0.10	5	6.60693	3.38342e-28
5	0.10	5	6.91831	2.56518e-28
5	0.10	5	7.24436	1.94455e-28
5	0.10	5	7.58578	1.47378e-28
5	0.10	5	7.94328	1.11685e-28
5	0.10	5	8.31764	8.46004e-29
5	0.10	10	1.0	1.18301e-20
5	0.10	10	1.04713	8.69545e-21
5	0.10	10	1.09648	6.35687e-21
5	0.10	10	1.14815	4.62145e-21
5	0.10	10	1.20226	3.34017e-21
5	0.10	10	1.25893	2.39954e-21
5	0.10	10	1.31826	1.71297e-21
5	0.10	10	1.38038	1.21476e-21
5	0.10	10	1.44544	8.55546e-22
5	0.10	10	1.51356	5.98237e-22
5	0.10	10	1.58489	4.15212e-22
5	0.10	10	1.65959	2.85964e-22
5	0.10	10	1.7378	1.95329e-22
5	0.10	10	1.8197	1.32297e-22
5	0.10	10	1.90546	8.88252e-23
5	0.10	10	1.99526	5.90903e-23
5	0.10	10	2.0893	3.89421e-23
5	0.10	10	2.18776	2.5415e-23
5	0.10	10	2.29087	1.64189e-23
5	0.10	10	2.39883	1.05027e-23
5	0.10	10	2.51189	6.65173e-24
5	0.10	10	2.63027	4.17283e-24
5	0.10	10	2.75423	2.59656e-24
5	0.10	10	2.88403	1.60616e-24
5	0.10	10	3.01995	9.92232e-25
5	0.10	10	3.16228	6.16107e-25
5	0.10	10	3.31131	3.88541e-25
5	0.10	10	3.46737	2.51767e-25
5	0.10	10	3.63078	1.69166e-25
5	0.10	10	3.80189	1.18174e-25
5	0.10	10	3.98107	8.53066e-26
5	0.10	10	4.16869	6.30159e-26
5	0.10	10	4.36516	4.71884e-26
5	0.10	10	4.57088	3.55745e-26
5	0.10	10	4.7863	2.68936e-26
5	0.10	10	5.01187	2.03486e-26
5	0.10	10	5.24807	1.54013e-26
5	0.10	10	5.49541	1.16566e-26
5	0.10	10	5.7544	8.82553e-27
5	0.10	10	6.0256	6.68476e-27
5	0.10	10	6.30957	5.06592e-27
5	0.10	10	6.60693	3.84085e-27
5	0.10	10	6.91831	2.91298e-27
5	0.10	10	7.24436	2.20937e-27
5	0.10	10	7.58578	1.67597e-27
5	0.10	10	7.94328	1.27117e-27
5	0.10	10	8.31764	9.64106e-28
5	0.10	10	8.70964	7.30949e-28
5	0.10	10	9.12011	5.54409e-28
5	0.10	10	9.54993	4.20531e-28
5	0.10	10	10.0	3.18936e-28
5	0.10	30	1.0	4.82326e-19
5	0.10	30	1.04373	3.953e-19
5	0.10	30	1.08936	3.2333e-19
5	0.10	30	1.13699	2.64016e-19
5	0.10	30	1.18671	2.15154e-19
5	0.10	30	1.2386	1.75e-19
5	0.10	30	1.29276	1.42068e-19
5	0.10	30	1.34928	1.1509e-19
5	0.10	30	1.40828	9.30411e-20
5	0.10	30	1.46986	7.5067e-20
5	0.10	30	1.53413	6.04321e-20
5	0.10	30	1.60121	4.8543e-20
5	0.10	30	1.67122	3.89057e-20
5	0.10	30	1.74429	3.11116e-20
5	0.10	30	1.82056	2.48224e-20
5	0.10	30	1.90017	1.97548e-20
5	0.10	30	1.98325	1.56837e-20
5	0.10	30	2.06997	1.2422e-20
5	0.10	30	2.16048	9.81215e-21
5	0.10	30	2.25495	7.73062e-21
5	0.10	30	2.35355	6.0741e-21
5	0.10	30	2.45646	4.75958e-21
5	0.10	30	2.56386	3.71828e-21
5	0.10	30	2.67597	2.89644e-21
5	0.10	30	2.79298	2.2495e-21
5	0.10	30	2.9151	1.74113e-21
5	0.10	30	3.04256	1.3434e-21
5	0.10	30	3.1756	1.03299e-21
5	0.10	30	3.31445	7.91541e-22
5	0.10	30	3.45938	6.04248e-22
5	0.10	30	3.61064	4.59533e-22
5	0.10	30	3.76852	3.48109e-22
5	0.10	30	3.9333	2.62583e-22
5	0.10	30	4.10528	1.97258e-22
5	0.10	30	4.28478	1.47512e-22
5	0.10	30	4.47214	1.09807e-22
5	0.10	30	4.66768	8.13316e-23
5	0.10	30	4.87178	5.99501e-23
5	0.10	30	5.08479	4.39583e-23
5	0.10	30	5.30713	3.20563e-23
5	0.10	30	5.53918	2.32466e-23
5	0.10	30	5.78138	1.67511e-23
5	0.10	30	6.03418	1.20036e-23
5	0.10	30	6.29802	8.54355e-24
5	0.10	30	6.5734	6.04143e-24
5	0.10	30	6.86083	4.24516e-24
5	0.10	30	7.16082	2.96021e-24
5	0.10	30	7.47392	2.04832e-24
5	0.10	30	7.80072	1.40531e-24
5	0.10	30	8.14181	9.58137e-25
5	0.10	30	8.49781	6.47006e-25
5	0.10	30	8.86938	4.33256e-25
5	0.10	30	9.2572	2.87447e-25
5	0.10	30	9.66197	1.88929e-25
5	0.10	30	10.0844	1.23027e-25
5	0.10	30	10.5254	7.91879e-26
5	0.10	30	10.9856	5.07209e-26
5	0.10	30	11.466	3.21238e-26
5	0.10	30	11.9673	2.01788e-26
5	0.10	30	12.4906	1.26284e-26
5	0.10	30	13.0367	7.88518e-27
5	0.10	30	13.6068	4.94817e-27
5	0.10	30	14.2017	3.1491e-27
5	0.10	30	14.8227	2.05582e-27
5	0.10	30	15.4708	1.38824e-27
5	0.10	30	16.1473	9.71678e-28
5	0.10	30	16.8533	7.03492e-28
5	0.10	30	17.5902	5.25368e-28
5	0.10	30	18.3594	3.97962e-28
5	0.10	30	19.1621	3.04471e-28
5	0.10	30	20.0	2.34343e-28
5	1.00	1	1.0	nan
5	1.00	5	1.0	1.04459e-21
5	1.00	5	1.04713	7.22327e-22
5	1.00	5	1.09648	4.95442e-22
5	1.00	5	1.14815	3.36915e-22
5	1.00	5	1.20226	2.27084e-22
5	1.00	5	1.25893	1.51633e-22
5	1.00	5	1.31826	1.00277e-22
5	1.00	5	1.38038	6.56365e-23
5	1.00	5	1.44544	4.25104e-23
5	1.00	5	1.51356	2.72272e-23
5	1.00	5	1.58489	1.72381e-23
5	1.00	5	1.65959	1.07829e-23
5	1.00	5	1.7378	6.66024e-24
5	1.00	5	1.8197	4.06044e-24
5	1.00	5	1.90546	2.4421e-24
5	1.00	5	1.99526	1.44871e-24
5	1.00	5	2.0893	8.47534e-25
5	1.00	5	2.18776	4.89217e-25
5	1.00	5	2.29087	2.79087e-25
5	1.00	5	2.39883	1.57912e-25
5	1.00	5	2.51189	8.93269e-26
5	1.00	5	2.63027	5.12453e-26
5	1.00	5	2.75423	3.04464e-26
5	1.00	5	2.88403	1.91551e-26
5	1.00	5	3.01995	1.28631e-26
5	1.00	5	3.16228	9.12494e-27
5	1.00	5	3.31131	6.69791e-27
5	1.00	5	3.46737	5.00633e-27
5	1.00	5	3.63078	3.77267e-27
5	1.00	5	3.80189	2.8531e-27
5	1.00	5	3.98107	2.16068e-27
5	1.00	5	4.16869	1.6372e-27
5	1.00	5	4.36516	1.24083e-27
5	1.00	5	4.57088	9.40533e-28
5	1.00	5	4.7863	7.12969e-28
5	1.00	5	5.01187	5.40471e-28
5	1.00	5	5.24807	4.09728e-28
5	1.00	5	5.49541	3.10614e-28
5	1.00	5	5.7544	2.35475e-28
5	1.00	5	6.0256	1.78502e-28
5	1.00	5	6.30957	1.35312e-28
5	1.00	5	6.60693	1.02558e-28
5	1.00	5	6.91831	7.77206e-29
5	1.00	10	1.0	4.43159e-20
5	1.00	10	1.04713	3.42198e-20
5	1.00	10	1.09648	2.63356e-20
5	1.00	10	1.14815	2.0201e-20
5	1.00	10	1.20226	1.54387e-20
5	1.00	10	1.25893	1.17554e-20
5	1.00	10	1.31826	8.91684e-21
5	1.00	10	1.38038	6.73619e-21
5	1.00	10	1.44544	5.06772e-21
5	1.00	10	1.51356	3.79574e-21
5	1.00	10	1.58489	2.82984e-21
5	1.00	10	1.65959	2.09977e-21
5	1.00	10	1.7378	1.55035e-21
5	1.00	10	1.8197	1.13872e-21
5	1.00	10	1.90546	8.31838e-22
5	1.00	10	1.99526	6.04234e-22
5	1.00	10	2.0893	4.36336e-22
5	1.00	10	2.18776	3.1314e-22
5	1.00	10	2.29087	2.23281e-22
5	1.00	10	2.39883	1.58143e-22
5	1.00	10	2.51189	1.11218e-22
5	1.00	10	2.63027	7.7648e-23
5	1.00	10	2.75423	5.37953e-23
5	1.00	10	2.88403	3.69726e-23
5	1.00	10	3.01995	2.51985e-23
5	1.00	10	3.16228	1.70234e-23
5	1.00	10	3.31131	1.13958e-23
5	1.00	10	3.46737	7.55603e-24
5	1.00	10	3.63078	4.96023e-24
5	1.00	10	3.80189	3.22218e-24
5	1.00	10	3.98107	2.07051e-24
5	1.00	10	4.16869	1.31523e-24
5	1.00	10	4.36516	8.25647e-25
5	1.00	10	4.57088	5.11839e-25
5	1.00	10	4.7863	3.1311e-25
5	1.00	10	5.01187	1.8896e-25
5	1.00	10	5.24807	1.12501e-25
5	1.00	10	5.49541	6.59687e-26
5	1.00	10	5.7544	3.81094e-26
5	1.00	10	6.0256	2.16741e-26
5	1.00	10	6.30957	1.2138e-26
5	1.00	10	6.60693	6.70109e-27
5	1.00	10	6.91831	3.6576e-27
5	1.00	10	7.24436	1.98892e-27
5	1.00	10	7.58578	1.09342e-27
5	1.00	10	7.94328	6.23656e-28
5	1.00	10	8.31764	3.80205e-28
5	1.00	10	8.70964	2.51163e-28
5	1.00	10	9.12011	1.77348e-28
5	1.00	10	9.54993	1.30317e-28
5	1.00	10	10.0	9.75672e-29
5	1.00	30	1.0	9.00763e-19
5	1.00	30	1.04373	7.46469e-19
5	1.00	30	1.08936	6.17968e-19
5	1.00	30	1.13699	5.11135e-19
5	1.00	30	1.18671	4.22247e-19
5	1.00	30	1.2386	3.48537e-19
5	1.00	30	1.29276	2.87352e-19
5	1.00	30	1.34928	2.36658e-19
5	1.00	30	1.40828	1.94688e-19
5	1.00	30	1.46986	1.59987e-19
5	1.00	30	1.53413	1.31297e-19
5	1.00	30	1.60121	1.07632e-19
5	1.00	30	1.67122	8.81225e-20
5	1.00	30	1.74429	7.20533e-20
5	1.00	30	1.82056	5.88385e-20
5	1.00	30	1.90017	4.79798e-20
5	1.00	30	1.98325	3.90701e-20
5	1.00	30	2.06997	3.17718e-20
5	1.00	30	2.16048	2.5796e-20
5	1.00	30	2.25495	2.09112e-20
5	1.00	30	2.35355	1.69248e-20
5	1.00	30	2.45646	1.36762e-20
5	1.00	30	2.56386	1.10318e-20
5	1.00	30	2.67597	8.882e-21
5	1.00	30	2.79298	7.13894e-21
5	1.00	30	2.9151	5.72637e-21
5	1.00	30	3.04256	4.58433e-21
5	1.00	30	3.1756	3.66282e-21
5	1.00	30	3.31445	2.9197e-21
5	1.00	30	3.45938	2.32248e-21
5	1.00	30	3.61064	1.84329e-21
5	1.00	30	3.76852	1.45947e-21
5	1.00	30	3.9333	1.15268e-21
5	1.00	30	4.10528	9.07965e-22
5	1.00	30	4.28478	7.13454e-22
5	1.00	30	4.47214	5.58951e-22
5	1.00	30	4.66768	4.36688e-22
5	1.00	30	4.87178	3.40163e-22
5	1.00	30	5.08479	2.64143e-22
5	1.00	30	5.30713	2.04456e-22
5	1.00	30	5.53918	1.57726e-22
5	1.00	30	5.78138	1.21255e-22
5	1.00	30	6.03418	9.28965e-23
5	1.00	30	6.29802	7.08904e-23
5	1.00	30	6.5734	5.38985e-23
5	1.00	30	6.86083	4.08023e-23
5	1.00	30	7.16082	3.07658e-23
5	1.00	30	7.47392	2.3095e-23
5	1.00	30	7.80072	1.72568e-23
5	1.00	30	8.14181	1.28336e-23
5	1.00	30	8.49781	9.49694e-24
5	1.00	30	8.86938	6.99209e-24
5	1.00	30	9.2572	5.12052e-24
5	1.00	30	9.66197	3.72954e-24
5	1.00	30	10.0844	2.70035e-24
5	1.00	30	10.5254	1.94349e-24
5	1.00	30	10.9856	1.39e-24
5	1.00	30	11.466	9.87579e-25
5	1.00	30	11.9673	6.96899e-25
5	1.00	30	12.4906	4.88359e-25
5	1.00	30	13.0367	3.39664e-25
5	1.00	30	13.6068	2.34435e-25
5	1.00	30	14.2017	1.60491e-25
5	1.00	30	14.8227	1.0898e-25
5	1.00	30	15.4708	7.33428e-26
5	1.00	30	16.1473	4.89192e-26
5	1.00	30	16.8533	3.2321e-26
5	1.00	30	17.5902	2.11413e-26
5	1.00	30	18.3594	1.36888e-26
5	1.00	30	19.1621	8.76678e-27
5	1.00	30	20.0	5.55281e-27
10	0.10	10	1.0	8.48365e-22
10	0.10	10	1.04713	5.62921e-22
10	0.10	10	1.09648	3.70947e-22
10	0.10	10	1.14815	2.43092e-22
10	0.10	10	1.20226	1.58684e-22
10	0.10	10	1.25893	1.03512e-22
10	0.10	10	1.31826	6.77372e-23
10	0.10	10	1.38038	4.46983e-23
10	0.10	10	1.44544	2.99208e-23
10	0.10	10	1.51356	2.03992e-23
10	0.10	10	1.58489	1.42213e-23
10	0.10	10	1.65959	1.01161e-23
10	0.10	10	1.7378	7.31732e-24
10	0.10	10	1.8197	5.35743e-24
10	0.10	10	1.90546	3.95226e-24
10	0.10	10	1.99526	2.92607e-24
10	0.10	10	2.0893	2.17144e-24
10	0.10	10	2.18776	1.612e-24
10	0.10	10	2.29087	1.19671e-24
10	0.10	10	2.39883	8.88868e-25
10	0.10	10	2.51189	6.60981e-25
10	0.10	10	2.63027	4.925e-25
10	0.10	10	2.75423	3.6802e-25
10	0.10	10	2.88403	2.76053e-25
10	0.10	10	3.01995	2.07929e-25
10	0.10	10	3.16228	1.57265e-25
10	0.10	10	3.31131	1.194e-25
10	0.10	10	3.46737	9.09269e-26
10	0.10	10	3.63078	6.93716e-26
10	0.10	10	3.80189	5.29801e-26
10	0.10	10	3.98107	4.04525e-26
10	0.10	10	4.16869	3.0858e-26
10	0.10	10	4.36516	2.35046e-26
10	0.10	10	4.57088	1.7874e-26
10	0.10	10	4.7863	1.35703e-26
10	0.10	10	5.01187	1.02834e-26
10	0.10	10	5.24807	7.79661e-27
10	0.10	10	5.49541	5.90517e-27
10	0.10	10	5.7544	4.47285e-27
10	0.10	10	6.0256	3.38944e-27
10	0.10	10	6.30957	2.56949e-27
10	0.10	10	6.60693	1.94873e-27
10	0.10	10	6.91831	1.4782e-27
10	0.10	10	7.24436	1.12123e-27
10	0.10	10	7.58578	8.50762e-28
10	0.10	10	7.94328	6.45522e-28
10	0.10	10	8.31764	4.89677e-28
10	0.10	10	8.70964	3.71235e-28
10	0.10	10	9.12011	2.814e-28
10	0.10	10	9.54993	2.13674e-28
10	0.10	10	10.0	1.62072e-28
15	0.10	10	1.0	1.40027e-22
15	0.10	10	1.04713	1.02334e-22
15	0.10	10	1.09648	7.58023e-23
15	0.10	10	1.14815	5.67036e-23
15	0.10	10	1.20226	4.26862e-23
15	0.10	10	1.25893	3.22649e-23
15	0.10	10	1.31826	2.44396e-23
15	0.10	10	1.38038	1.85318e-23
15	0.10	10	1.44544	1.40533e-23
15	0.10	10	1.51356	1.06484e-23
15	0.10	10	1.58489	8.05876e-24
15	0.10	10	1.65959	6.08683e-24
15	0.10	10	1.7378	4.58637e-24
15	0.10	10	1.8197	3.44691e-24
15	0.10	10	1.90546	2.58352e-24
15	0.10	10	1.99526	1.93077e-24
15	0.10	10	2.0893	1.44037e-24
15	0.10	10	2.18776	1.07251e-24
15	0.10	10	2.29087	7.97638e-25
15	0.10	10	2.39883	5.93066e-25
15	0.10	10	2.51189	4.41364e-25
15	0.10	10	2.63027	3.29044e-25
15	0.10	10	2.75423	2.46005e-25
15	0.10	10	2.88403	1.84586e-25
15	0.10	10	3.01995	1.39095e-25
15	0.10	10	3.16228	1.05237e-25
15	0.10	10	3.31131	7.98942e-26
15	0.10	10	3.46737	6.08803e-26
15	0.10	10	3.63078	4.64416e-26
15	0.10	10	3.80189	3.54852e-26
15	0.10	10	3.98107	2.70972e-26
15	0.10	10	4.16869	2.06725e-26
15	0.10	10	4.36516	1.57484e-26
15	0.10	10	4.57088	1.19769e-26
15	0.10	10	4.7863	9.09367e-27
15	0.10	10	5.01187	6.87724e-27
15	0.10	10	5.24807	5.22549e-27
15	0.10	10	5.49541	3.9578e-27
15	0.10	10	5.7544	2.99826e-27
15	0.10	10	6.0256	2.27214e-27
15	0.10	10	6.30957	1.7227e-27
15	0.10	10	6.60693	1.30653e-27
15	0.10	10	6.91831	9.90269e-28
15	0.10	10	7.24436	7.51293e-28
15	0.10	10	7.58578	5.70369e-28
15	0.10	10	7.94328	4.32853e-28
15	0.10	10	8.31764	3.2837e-28
15	0.10	10	8.70964	2.48958e-28
15	0.10	10	9.12011	1.88522e-28
15	0.10	10	9.54993	1.43288e-28
15	0.10	10	10.0	1.08693e-28
50	0.10	10	1.0	3.66748e-23
50	0.10	10	1.04713	2.81672e-23
50	0.10	10	1.09648	2.15733e-23
50	0.10	10	1.14815	1.64859e-23
50	0.10	10	1.20226	1.25769e-23
50	0.10	10	1.25893	9.57031e-24
50	0.10	10	1.31826	7.29355e-24
50	0.10	10	1.38038	5.54476e-24
50	0.10	10	1.44544	4.21399e-24
50	0.10	10	1.51356	3.19695e-24
50	0.10	10	1.58489	2.42108e-24
50	0.10	10	1.65959	1.82991e-24
50	0.10	10	1.7378	1.37962e-24
50	0.10	10	1.8197	1.03542e-24
50	0.10	10	1.90546	7.778e-25
50	0.10	10	1.99526	5.81445e-25
50	0.10	10	2.0893	4.31594e-25
50	0.10	10	2.18776	3.23242e-25
50	0.10	10	2.29087	2.40485e-25
50	0.10	10	2.39883	1.78481e-25
50	0.10	10	2.51189	1.33172e-25
50	0.10	10	2.63027	9.92513e-26
50	0.10	10	2.75423	7.41274e-26
50	0.10	10	2.88403	5.46728e-26
50	0.10	10	3.01995	3.91094e-26
50	0.10	10	3.16228	3.18051e-26
50	0.10	10	3.31131	2.40928e-26
50	0.10	10	3.46737	1.84042e-26
50	0.10	10	3.63078	1.35572e-26
50	0.10	10	3.80189	1.07148e-26
50	0.10	10	3.98107	8.19209e-27
50	0.10	10	4.16869	5.91362e-27
50	0.10	10	4.36516	4.76295e-27
50	0.10	10	4.57088	3.6225e-27
50	0.10	10	4.7863	2.74798e-27
50	0.10	10	5.01187	2.01202e-27
50	0.10	10	5.24807	1.51828e-27
50	0.10	10	5.49541	1.12582e-27
50	0.10	10	5.7544	9.07028e-28
50	0.10	10	6.0256	6.87175e-28
50	0.10	10	6.30957	5.20903e-28
50	0.10	10	6.60693	3.95352e-28
50	0.10	10	6.91831	1.91889e-28
50	0.10	10	7.24436	2.27283e-28
50	0.10	10	7.58578	1.72465e-28
50	0.10	10	7.94328	1.30848e-28
50	0.10	10	8.31764	9.93783e-29
50	0.10	15	1.0	1.162e-22
50	0.10	15	1.04713	9.21474e-23
50	0.10	15	1.09648	7.28326e-23
50	0.10	15	1.14815	5.73627e-23
50	0.10	15	1.20226	4.50146e-23
50	0.10	15	1.25893	3.51663e-23
50	0.10	15	1.31826	2.7398e-23
50	0.10	15	1.38038	2.12482e-23
50	0.10	15	1.44544	1.64195e-23
50	0.10	15	1.51356	1.26422e-23
50	0.10	15	1.58489	9.70438e-24
50	0.10	15	1.65959	7.42879e-24
50	0.10	15	1.7378	5.67513e-24
50	0.10	15	1.8197	4.3284e-24
50	0.10	15	1.90546	3.29727e-24
50	0.10	15	1.99526	2.50852e-24
50	0.10	15	2.0893	1.90696e-24
50	0.10	15	2.18776	1.449e-24
50	0.10	15	2.29087	1.09884e-24
50	0.10	15	2.39883	8.28576e-25
50	0.10	15	2.51189	6.28539e-25
50	0.10	15	2.63027	4.72986e-25
50	0.10	15	2.75423	3.53094e-25
50	0.10	15	2.88403	2.55001e-25
50	0.10	15	3.01995	1.98702e-25
50	0.10	15	3.16228	1.48665e-25
50	0.10	15	3.31131	1.02519e-25
50	0.10	15	3.46737	8.22727e-26
50	0.10	15	3.63078	5.74052e-26
50	0.10	15	3.80189	4.55747e-26
50	0.10	15	3.98107	3.40338e-26
50	0.10	15	4.16869	2.23915e-26
50	0.10	15	4.36516	1.91354e-26
50	0.10	15	4.57088	1.44381e-26
50	0.10	15	4.7863	1.0773e-26
50	0.10	15	5.01187	8.19409e-27
50	0.10	15	5.24807	6.06856e-27
50	0.10	15	5.49541	4.83322e-27
50	0.10	15	5.7544	3.68954e-27
50	0.10	15	6.0256	2.33168e-27
50	0.10	15	6.30957	2.14681e-27
50	0.10	15	6.60693	1.63657e-27
50	0.10	15	6.91831	1.23182e-27
50	0.10	15	7.24436	8.33531e-28
50	0.10	15	7.58578	7.17057e-28
50	0.10	15	7.94328	5.43292e-28
50	0.10	15	8.31764	4.11602e-28
50	0.10	15	8.70964	3.10017e-28
50	0.10	15	9.12011	1.12019e-28
50	0.10	15	9.54993	1.77874e-28
50	0.10	15	10.0	1.35771e-28
50	0.10	20	1.0	2.27822e-22
50	0.10	20	1.04713	1.83174e-22
50	0.10	20	1.09648	1.47083e-22
50	0.10	20	1.14815	1.17894e-22
50	0.10	20	1.20226	9.43189e-23
50	0.10	20	1.25893	7.52424e-23
50	0.10	20	1.31826	5.99139e-23
50	0.10	20	1.38038	4.75456e-23
50	0.10	20	1.44544	3.76142e-23
50	0.10	20	1.51356	2.96511e-23
50	0.10	20	1.58489	2.329e-23
50	0.10	20	1.65959	1.82227e-23
50	0.10	20	1.7378	1.42022e-23
50	0.10	20	1.8197	1.10259e-23
50	0.10	20	1.90546	8.52707e-24
50	0.10	20	1.99526	6.56713e-24
50	0.10	20	2.0893	5.04699e-24
50	0.10	20	2.18776	3.86656e-24
50	0.10	20	2.29087	2.95326e-24
50	0.10	20	2.39883	2.25336e-24
50	0.10	20	2.51189	1.7178e-24
50	0.10	20	2.63027	1.30702e-24
50	0.10	20	2.75423	9.86106e-25
50	0.10	20	2.88403	7.54943e-25
50	0.10	20	3.01995	5.64266e-25
50	0.10	20	3.16228	4.33703e-25
50	0.10	20	3.31131	3.19071e-25
50	0.10	20	3.46737	2.46114e-25
50	0.10	20	3.63078	1.86072e-25
50	0.10	20	3.80189	1.38409e-25
50	0.10	20	3.98107	1.04031e-25
50	0.10	20	4.16869	7.31782e-26
50	0.10	20	4.36516	5.34808e-26
50	0.10	20	4.57088	4.31603e-26
50	0.10	20	4.7863	3.06093e-26
50	0.10	20	5.01187	2.14903e-26
50	0.10	20	5.24807	1.28108e-26
50	0.10	20	5.49541	1.33206e-26
50	0.10	20	5.7544	9.86584e-27
50	0.10	20	6.0256	7.52767e-27
50	0.10	20	6.30957	5.62172e-27
50	0.10	20	6.60693	4.33115e-27
50	0.10	20	6.91831	3.2848e-27
50	0.10	20	7.24436	2.51346e-27
50	0.10	20	7.58578	1.92339e-27
50	0.10	20	7.94328	1.46305e-27
50	0.10	20	8.31764	1.12083e-27
50	0.10	20	8.70964	8.46938e-28
50	0.10	20	9.12011	2.11405e-28
50	0.10	20	9.54993	4.88535e-28
50	0.10	20	10.0	3.73152e-28
50	0.10	25	1.0	3.98645e-22
50	0.10	25	1.04713	3.10544e-22
50	0.10	25	1.09648	2.457e-22
50	0.10	25	1.14815	1.96096e-22
50	0.10	25	1.20226	1.57239e-22
50	0.10	25	1.25893	1.26232e-22
50	0.10	25	1.31826	1.01438e-22
50	0.10	25	1.38038	8.13987e-23
50	0.10	25	1.44544	6.52229e-23
50	0.10	25	1.51356	5.21501e-23
50	0.10	25	1.58489	4.16041e-23
50	0.10	25	1.65959	3.31001e-23
50	0.10	25	1.7378	2.62558e-23
50	0.10	25	1.8197	2.07594e-23
50	0.10	25	1.90546	1.6356e-23
50	0.10	25	1.99526	1.28344e-23
50	0.10	25	2.0893	1.00391e-23
50	0.10	25	2.18776	7.81992e-24
50	0.10	25	2.29087	6.0644e-24
50	0.10	25	2.39883	4.68864e-24
50	0.10	25	2.51189	3.61196e-24
50	0.10	25	2.63027	2.77297e-24
50	0.10	25	2.75423	2.11906e-24
50	0.10	25	2.88403	1.62235e-24
50	0.10	25	3.01995	1.23191e-24
50	0.10	25	3.16228	9.42785e-25
50	0.10	25	3.31131	7.14556e-25
50	0.10	25	3.46737	5.44363e-25
50	0.10	25	3.63078	4.14497e-25
50	0.10	25	3.80189	3.12177e-25
50	0.10	25	3.98107	2.38075e-25
50	0.10	25	4.16869	1.65286e-25
50	0.10	25	4.36516	1.35127e-25
50	0.10	25	4.57088	1.01915e-25
50	0.10	25	4.7863	7.2189e-26
50	0.10	25	5.01187	4.52719e-26
50	0.10	25	5.24807	3.84747e-26
50	0.10	25	5.49541	3.17028e-26
50	0.10	25	5.7544	2.27067e-26
50	0.10	25	6.0256	1.75241e-26
50	0.10	25	6.30957	1.30645e-26
50	0.10	25	6.60693	9.75265e-27
50	0.10	25	6.91831	6.90488e-27
50	0.10	25	7.24436	5.4639e-27
50	0.10	25	7.58578	4.11968e-27
50	0.10	25	7.94328	3.12741e-27
50	0.10	25	8.31764	2.37687e-27
50	0.10	25	8.70964	1.73805e-27
50	0.10	25	9.12011	2.15685e-28
50	0.10	25	9.54993	9.13144e-28
50	0.10	25	10.0	8.03384e-28
50	0.10	30	1.0	1.06257e-21
50	0.10	30	1.04713	7.18162e-22
50	0.10	30	1.09648	4.97948e-22
50	0.10	30	1.14815	3.56459e-22
50	0.10	30	1.20226	2.64098e-22
50	0.10	30	1.25893	2.0138e-22
50	0.10	30	1.31826	1.57221e-22
50	0.10	30	1.38038	1.2443e-22
50	0.10	30	1.44544	9.92964e-23
50	0.10	30	1.51356	7.95387e-23
50	0.10	30	1.58489	6.38075e-23
50	0.10	30	1.65959	5.1167e-23
50	0.10	30	1.7378	4.09815e-23
50	0.10	30	1.8197	3.27629e-23
50	0.10	30	1.90546	2.61305e-23
50	0.10	30	1.99526	2.07816e-23
50	0.10	30	2.0893	1.64858e-23
50	0.10	30	2.18776	1.3033e-23
50	0.10	30	2.29087	1.02632e-23
50	0.10	30	2.39883	8.05705e-24
50	0.10	30	2.51189	6.30009e-24
50	0.10	30	2.63027	4.90622e-24
50	0.10	30	2.75423	3.80193e-24
50	0.10	30	2.88403	2.9413e-24
50	0.10	30	3.01995	2.2609e-24
50	0.10	30	3.16228	1.73903e-24
50	0.10	30	3.31131	1.32952e-24
50	0.10	30	3.46737	1.01651e-24
50	0.10	30	3.63078	7.75952e-25
50	0.10	30	3.80189	5.90164e-25
50	0.10	30	3.98107	4.4987e-25
50	0.10	30	4.16869	3.36353e-25
50	0.10	30	4.36516	2.5671e-25
50	0.10	30	4.57088	1.96997e-25
50	0.10	30	4.7863	1.48756e-25
50	0.10	30	5.01187	1.0961e-25
50	0.10	30	5.24807	6.91147e-26
50	0.10	30	5.49541	6.37615e-26
50	0.10	30	5.7544	4.68482e-26
50	0.10	30	6.0256	3.56896e-26
50	0.10	30	6.30957	2.66834e-26
50	0.10	30	6.60693	1.98702e-26
50	0.10	30	6.91831	1.43559e-26
50	0.10	30	7.24436	1.09701e-26
50	0.10	30	7.58578	8.18611e-27
50	0.10	30	7.94328	6.10835e-27
50	0.10	30	8.31764	4.57133e-27
50	0.10	30	8.70964	3.35586e-27
50	0.10	30	9.12011	1.97852e-28
50	0.10	30	9.54993	1.11672e-27
50	0.10	30	10.0	1.48361e-27
100	0.10	30	1.0	2.66502e-22
100	0.10	30	1.04713	2.15937e-22
100	0.10	30	1.09648	1.7515e-22
100	0.10	30	1.14815	1.41892e-22
100	0.10	30	1.20226	1.14909e-22
100	0.10	30	1.25893	9.29541e-23
100	0.10	30	1.31826	7.51812e-23
100	0.10	30	1.38038	6.07299e-23
100	0.10	30	1.44544	4.90067e-23
100	0.10	30	1.51356	3.9488e-23
100	0.10	30	1.58489	3.17758e-23
100	0.10	30	1.65959	2.55228e-23
100	0.10	30	1.7378	2.04601e-23
100	0.10	30	1.8197	1.63666e-23
100	0.10	30	1.90546	1.30583e-23
100	0.10	30	1.99526	1.0387e-23
100	0.10	30	2.0893	8.24121e-24
100	0.10	30	2.18776	6.50267e-24
100	0.10	30	2.29087	5.12767e-24
100	0.10	30	2.39883	4.02932e-24
100	0.10	30	2.51189	3.15151e-24
100	0.10	30	2.63027	2.45465e-24
100	0.10	30	2.75423	1.90097e-24
100	0.10	30	2.88403	1.47163e-24
100	0.10	30	3.01995	1.12999e-24
100	0.10	30	3.16228	8.6987e-25
100	0.10	30	3.31131	6.65403e-25
100	0.10	30	3.46737	4.96218e-25
100	0.10	30	3.63078	3.884e-25
100	0.10	30	3.80189	2.94036e-25
100	0.10	30	3.98107	2.25207e-25
100	0.10	30	4.16869	1.69885e-25
100	0.10	30	4.36516	4.92502e-26
100	0.10	30	4.57088	9.83584e-26
100	0.10	30	4.7863	7.28674e-26
100	0.10	30	5.01187	4.04799e-26
100	0.10	30	5.24807	8.8461e-27
100	0.10	30	5.49541	3.19125e-26
100	0.10	30	5.7544	2.04834e-26
100	0.10	30	6.0256	1.57822e-26
100	0.10	30	6.30957	1.28429e-26
100	0.10	30	6.60693	9.90366e-27
100	0.10	30	6.91831	7.17017e-28
100	0.10	30	7.24436	5.50193e-27
100	0.10	30	7.58578	4.10048e-27
100	0.10	30	7.94328	3.05908e-27
100	0.10	30	8.31764	2.28668e-27
100	0.10	30	8.70964	1.25639e-27
100	0.10	30	9.12011	3.18406e-29
200	0.10	30	1.0	1.32998e-22
200	0.10	30	1.04713	1.07154e-22
200	0.10	30	1.09648	8.74745e-23
200	0.10	30	1.14815	7.08561e-23
200	0.10	30	1.20226	5.73729e-23
200	0.10	30	1.25893	4.64451e-23
200	0.10	30	1.31826	3.75799e-23
200	0.10	30	1.38038	3.03635e-23
200	0.10	30	1.44544	2.44502e-23
200	0.10	30	1.51356	1.97359e-23
200	0.10	30	1.58489	1.58918e-23
200	0.10	30	1.65959	1.27359e-23
200	0.10	30	1.7378	1.02302e-23
200	0.10	30	1.8197	8.18094e-24
200	0.10	30	1.90546	6.53093e-24
200	0.10	30	1.99526	5.19338e-24
200	0.10	30	2.0893	4.12099e-24
200	0.10	30	2.18776	3.21532e-24
200	0.10	30	2.29087	2.56042e-24
200	0.10	30	2.39883	2.00848e-24
200	0.10	30	2.51189	1.57678e-24
200	0.10	30	2.63027	1.22816e-24
200	0.10	30	2.75423	9.51444e-25
200	0.10	30	2.88403	7.36045e-25
200	0.10	30	3.01995	5.65636e-25
200	0.10	30	3.16228	4.33906e-25
200	0.10	30	3.31131	3.32269e-25
200	0.10	30	3.46737	1.9611e-25
200	0.10	30	3.63078	1.93675e-25
200	0.10	30	3.80189	1.43687e-25
200	0.10	30	3.98107	1.12678e-25
200	0.10	30	4.16869	8.51283e-26
200	0.10	30	4.36516	4.11635e-27
200	0.10	30	4.57088	3.99243e-26
200	0.10	30	4.7863	3.63666e-26
200	0.10	30	5.01187	2.04332e-26
200	0.10	30	5.24807	5.96629e-27
200	0.10	30	5.49541	1.58826e-26
200	0.10	30	5.7544	6.35923e-27
200	0.10	30	6.0256	1.57069e-27
200	0.10	30	6.30957	1.64349e-28
200	0.10	30	6.60693	8.17271e-28