U[m/s]	f[Hz]	Noise[Hz^-1/2]
0.1	1.0	4.99667e-24
0.1	1.10069	2.79864e-24
0.1	1.21153	1.56863e-24
0.1	1.33352	8.79674e-25
0.1	1.4678	4.93544e-25
0.1	1.6156	2.76982e-25
0.1	1.77828	1.55452e-25
0.1	1.95734	8.72402e-26
0.1	2.15443	4.89311e-26
0.1	2.37137	2.74101e-26
0.1	2.61016	1.53174e-26
0.1	2.87298	8.52582e-27
0.1	3.16228	4.71103e-27
0.1	3.4807	2.57504e-27
0.1	3.83119	1.38342e-27
0.1	4.21697	7.25293e-28
0.1	4.64159	3.67262e-28
0.1	5.10897	1.77458e-28
0.1	5.62341	8.05981e-29
0.1	6.18966	3.38045e-29
0.1	6.81292	1.2818e-29
0.1	7.49894	4.28647e-30
0.1	8.25404	1.22672e-30
0.1	9.08518	2.89909e-31
0.1	10.0	5.42229e-32
0.1	1.0	1.17957e-20
0.1	1.10069	6.00908e-21
0.1	1.21153	2.9707e-21
0.1	1.33352	1.4208e-21
0.1	1.4678	6.55362e-22
0.1	1.6156	2.90479e-22
0.1	1.77828	1.23242e-22
0.1	1.95734	4.98335e-23
0.1	2.15443	1.91107e-23
0.1	2.37137	6.91489e-24
0.1	2.61016	2.34748e-24
0.1	2.87298	7.42792e-25
0.1	3.16228	2.17634e-25
0.1	3.4807	5.86125e-26
0.1	3.83119	1.44551e-26
0.1	4.21697	3.29633e-27
0.1	4.64159	7.6753e-28
0.1	5.10897	2.38879e-28
0.1	5.62341	9.80607e-29
0.1	6.18966	4.09993e-29
0.1	6.81292	1.58057e-29
0.1	7.49894	5.42289e-30
0.1	8.25404	1.60717e-30
0.1	9.08518	3.97683e-31
0.1	10.0	7.89373e-32
0.1	1.0	1.69655e-20
0.1	1.10069	8.85677e-21
0.1	1.21153	4.49768e-21
0.1	1.33352	2.21562e-21
0.1	1.4678	1.05561e-21
0.1	1.6156	4.84835e-22
0.1	1.77828	2.13889e-22
0.1	1.95734	9.02823e-23
0.1	2.15443	3.62966e-23
0.1	2.37137	1.38308e-23
0.1	2.61016	4.96994e-24
0.1	2.87298	1.67435e-24
0.1	3.16228	5.25309e-25
0.1	3.4807	1.52465e-25
0.1	3.83119	4.06175e-26
0.1	4.21697	9.88132e-27
0.1	4.64159	2.1977e-27
0.1	5.10897	4.73207e-28
0.1	5.62341	1.23413e-28
0.1	6.18966	4.38694e-29
0.1	6.81292	1.6527e-29
0.1	7.49894	5.6816e-30
0.1	8.25404	1.69528e-30
0.1	9.08518	4.23488e-31
0.1	10.0	8.51503e-32
0.1	1.0	2.33064e-20
0.1	1.10069	1.24229e-20
0.1	1.21153	6.45448e-21
0.1	1.33352	3.26048e-21
0.1	1.4678	1.59689e-21
0.1	1.6156	7.56014e-22
0.1	1.77828	3.44823e-22
0.1	1.95734	1.50948e-22
0.1	2.15443	6.31741e-23
0.1	2.37137	2.51606e-23
0.1	2.61016	9.49028e-24
0.1	2.87298	3.3717e-24
0.1	3.16228	1.12191e-24
0.1	3.4807	3.47174e-25
0.1	3.83119	9.92421e-26
0.1	4.21697	2.59969e-26
0.1	4.64159	6.20115e-27
0.1	5.10897	1.34314e-27
0.1	5.62341	2.72951e-28
0.1	6.18966	6.12861e-29
0.1	6.81292	1.83012e-29
0.1	7.49894	6.02349e-30
0.1	8.25404	1.79919e-30
0.1	9.08518	4.53987e-31
0.1	10.0	9.26123e-32
0.1	1.0	3.08525e-20
0.1	1.10069	1.67429e-20
0.1	1.21153	8.87219e-21
0.1	1.33352	4.58021e-21
0.1	1.4678	2.29711e-21
0.1	1.6156	1.11623e-21
0.1	1.77828	5.2396e-22
0.1	1.95734	2.36697e-22
0.1	2.15443	1.02539e-22
0.1	2.37137	4.24308e-23
0.1	2.61016	1.66867e-23
0.1	2.87298	6.20702e-24
0.1	3.16228	2.17183e-24
0.1	3.4807	7.10533e-25
0.1	3.83119	2.15865e-25
0.1	4.21697	6.04566e-26
0.1	4.64159	1.54845e-26
0.1	5.10897	3.60052e-27
0.1	5.62341	7.56245e-28
0.1	6.18966	1.45987e-28
0.1	6.81292	2.88408e-29
0.1	7.49894	7.05897e-30
0.1	8.25404	1.95302e-30
0.1	9.08518	4.91278e-31
0.1	10.0	1.01682e-31
0.1	1.0	3.96246e-20
0.1	1.10069	2.18425e-20
0.1	1.21153	1.17747e-20
0.1	1.33352	6.19317e-21
0.1	1.4678	3.17136e-21
0.1	1.6156	1.57666e-21
0.1	1.77828	7.58669e-22
0.1	1.95734	3.52283e-22
0.1	2.15443	1.57302e-22
0.1	2.37137	6.72688e-23
0.1	2.61016	2.7437e-23
0.1	2.87298	1.06223e-23
0.1	3.16228	3.88363e-24
0.1	3.4807	1.33349e-24
0.1	3.83119	4.2717e-25
0.1	4.21697	1.26828e-25
0.1	4.64159	3.46307e-26
0.1	5.10897	8.62656e-27
0.1	5.62341	1.94411e-27
0.1	6.18966	3.93832e-28
0.1	6.81292	7.22338e-29
0.1	7.49894	1.27522e-29
0.1	8.25404	2.5176e-30
0.1	9.08518	5.57437e-31
0.1	10.0	1.13608e-31
0.1	1.0	4.96196e-20
0.1	1.10069	2.77344e-20
0.1	1.21153	1.51751e-20
0.1	1.33352	8.11656e-21
0.1	1.4678	4.23284e-21
0.1	1.6156	2.14648e-21
0.1	1.77828	1.05589e-21
0.1	1.95734	5.02221e-22
0.1	2.15443	2.30255e-22
0.1	2.37137	1.01371e-22
0.1	2.61016	4.26904e-23
0.1	2.87298	1.71181e-23
0.1	3.16228	6.50498e-24
0.1	3.4807	2.33016e-24
0.1	3.83119	7.82143e-25
0.1	4.21697	2.44431e-25
0.1	4.64159	7.06135e-26
0.1	5.10897	1.87106e-26
0.1	5.62341	4.50936e-27
0.1	6.18966	9.78852e-28
0.1	6.81292	1.90327e-28
0.1	7.49894	3.30525e-29
0.1	8.25404	5.27323e-30
0.1	9.08518	8.42803e-31
0.1	10.0	1.41746e-31
0.1	1.0	6.08465e-20
0.1	1.10069	3.44191e-20
0.1	1.21153	1.90922e-20
0.1	1.33352	1.036e-20
0.1	1.4678	5.49066e-21
0.1	1.6156	2.83397e-21
0.1	1.77828	1.4214e-21
0.1	1.95734	6.90723e-22
0.1	2.15443	3.24151e-22
0.1	2.37137	1.46442e-22
0.1	2.61016	6.34317e-23
0.1	2.87298	2.62413e-23
0.1	3.16228	1.03182e-23
0.1	3.4807	3.83757e-24
0.1	3.83119	1.34251e-24
0.1	4.21697	4.38957e-25
0.1	4.64159	1.33313e-25
0.1	5.10897	3.73161e-26
0.1	5.62341	9.55007e-27
0.1	6.18966	2.21492e-27
0.1	6.81292	4.60993e-28
0.1	7.49894	8.545e-29
0.1	8.25404	1.39961e-29
0.1	9.08518	2.03778e-30
0.1	10.0	2.71358e-31
0.1	1.0	7.3289e-20
0.1	1.10069	4.19094e-20
0.1	1.21153	2.35233e-20
0.1	1.33352	1.29329e-20
0.1	1.4678	6.95305e-21
0.1	1.6156	3.64601e-21
0.1	1.77828	1.8605e-21
0.1	1.95734	9.21469e-22
0.1	2.15443	4.41619e-22
0.1	2.37137	2.04117e-22
0.1	2.61016	9.06795e-23
0.1	2.87298	3.85651e-23
0.1	3.16228	1.56346e-23
0.1	3.4807	6.01177e-24
0.1	3.83119	2.18173e-24
0.1	4.21697	7.42871e-25
0.1	4.64159	2.35864e-25
0.1	5.10897	6.93364e-26
0.1	5.62341	1.87246e-26
0.1	6.18966	4.60671e-27
0.1	6.81292	1.023e-27
0.1	7.49894	2.03015e-28
0.1	8.25404	3.56471e-29
0.1	9.08518	5.48267e-30
0.1	10.0	7.33509e-31
0.1	1.0	8.69256e-20
0.1	1.10069	5.01891e-20
0.1	1.21153	2.84737e-20
0.1	1.33352	1.58406e-20
0.1	1.4678	8.62605e-21
0.1	1.6156	4.58761e-21
0.1	1.77828	2.37757e-21
0.1	1.95734	1.19783e-21
0.1	2.15443	5.84924e-22
0.1	2.37137	2.75994e-22
0.1	2.61016	1.25414e-22
0.1	2.87298	5.46799e-23
0.1	3.16228	2.27818e-23
0.1	3.4807	9.02696e-24
0.1	3.83119	3.38565e-24
0.1	4.21697	1.19547e-24
0.1	4.64159	3.95037e-25
0.1	5.10897	1.21314e-25
0.1	5.62341	3.43772e-26
0.1	6.18966	8.91907e-27
0.1	6.81292	2.09975e-27
0.1	7.49894	4.44134e-28
0.1	8.25404	8.35471e-29
0.1	9.08518	1.38169e-29
0.1	10.0	1.98588e-30
0.1	1.0	1.01721e-19
0.1	1.10069	5.9255e-20
0.1	1.21153	3.39401e-20
0.1	1.33352	1.90852e-20
0.1	1.4678	1.05132e-20
0.1	1.6156	5.66336e-21
0.1	1.77828	2.97632e-21
0.1	1.95734	1.52282e-21
0.1	2.15443	7.56284e-22
0.1	2.37137	3.63568e-22
0.1	2.61016	1.68611e-22
0.1	2.87298	7.51734e-23
0.1	3.16228	3.20975e-23
0.1	3.4807	1.30692e-23
0.1	3.83119	5.05074e-24
0.1	4.21697	1.84245e-24
0.1	4.64159	6.31064e-25
0.1	5.10897	2.01647e-25
0.1	5.62341	5.96838e-26
0.1	6.18966	1.62417e-26
0.1	6.81292	4.02955e-27
0.1	7.49894	9.03173e-28
0.1	8.25404	1.81002e-28
0.1	9.08518	3.20773e-29
0.1	10.0	4.96629e-30
0.1	1.0	5.34495e-24
0.1	1.10069	2.9547e-24
0.1	1.21153	1.63919e-24
0.1	1.33352	9.11769e-25
0.1	1.4678	5.08195e-25
0.1	1.6156	2.83683e-25
0.1	1.77828	1.5854e-25
0.1	1.95734	8.86581e-26
0.1	2.15443	4.95827e-26
0.1	2.37137	2.77127e-26
0.1	2.61016	1.54601e-26
0.1	2.87298	8.59047e-27
0.1	3.16228	4.74236e-27
0.1	3.4807	2.5898e-27
0.1	3.83119	1.39052e-27
0.1	4.21697	7.28582e-28
0.1	4.64159	3.68891e-28
0.1	5.10897	1.78239e-28
0.1	5.62341	8.09572e-29
0.1	6.18966	3.39654e-29
0.1	6.81292	1.28864e-29
0.1	7.49894	4.3121e-30
0.1	8.25404	1.2351e-30
0.1	9.08518	2.92225e-31
0.1	10.0	5.47267e-32
0.1	1.0	1.1767e-19
0.1	1.10069	6.90982e-20
0.1	1.21153	3.99215e-20
0.1	1.33352	2.26623e-20
0.1	1.4678	1.26179e-20
0.1	1.6156	6.87588e-21
0.1	1.77828	3.66028e-21
0.1	1.95734	1.89876e-21
0.1	2.15443	9.57659e-22
0.1	2.37137	4.68166e-22
0.1	2.61016	2.21167e-22
0.1	2.87298	1.00636e-22
0.1	3.16228	4.39437e-23
0.1	3.4807	1.83364e-23
0.1	3.83119	7.27934e-24
0.1	4.21697	2.7357e-24
0.1	4.64159	9.67869e-25
0.1	5.10897	3.20594e-25
0.1	5.62341	9.87043e-26
0.1	6.18966	2.80486e-26
0.1	6.81292	7.29929e-27
0.1	7.49894	1.72423e-27
0.1	8.25404	3.65952e-28
0.1	9.08518	6.91216e-29
0.1	10.0	1.14703e-29
0.1	1.0	1.34728e-19
0.1	1.10069	7.9696e-20
0.1	1.21153	4.64153e-20
0.1	1.33352	2.65787e-20
0.1	1.4678	1.49416e-20
0.1	1.6156	8.2283e-21
0.1	1.77828	4.43139e-21
0.1	1.95734	2.32817e-21
0.1	2.15443	1.1906e-21
0.1	2.37137	5.91084e-22
0.1	2.61016	2.83974e-22
0.1	2.87298	1.31641e-22
0.1	3.16228	5.86558e-23
0.1	3.4807	2.50294e-23
0.1	3.83119	1.01843e-23
0.1	4.21697	3.93181e-24
0.1	4.64159	1.43313e-24
0.1	5.10897	4.90375e-25
0.1	5.62341	1.56516e-25
0.1	6.18966	4.62732e-26
0.1	6.81292	1.25747e-26
0.1	7.49894	3.11499e-27
0.1	8.25404	6.96918e-28
0.1	9.08518	1.39421e-28
0.1	10.0	2.46556e-29
0.1	1.0	1.52897e-19
0.1	1.10069	9.1037e-20
0.1	1.21153	5.34192e-20
0.1	1.33352	3.0833e-20
0.1	1.4678	1.74819e-20
0.1	1.6156	9.72149e-21
0.1	1.77828	5.29108e-21
0.1	1.95734	2.81269e-21
0.1	2.15443	1.45678e-21
0.1	2.37137	7.33466e-22
0.1	2.61016	3.57877e-22
0.1	2.87298	1.68697e-22
0.1	3.16228	7.65866e-23
0.1	3.4807	3.33569e-23
0.1	3.83119	1.38814e-23
0.1	4.21697	5.49351e-24
0.1	4.64159	2.0572e-24
0.1	5.10897	7.25252e-25
0.1	5.62341	2.39207e-25
0.1	6.18966	7.33136e-26
0.1	6.81292	2.07304e-26
0.1	7.49894	5.36503e-27
0.1	8.25404	1.25951e-27
0.1	9.08518	2.65566e-28
0.1	10.0	4.97741e-29
0.1	1.0	1.72124e-19
0.1	1.10069	1.03126e-19
0.1	1.21153	6.09039e-20
0.1	1.33352	3.54161e-20
0.1	1.4678	2.0244e-20
0.1	1.6156	1.13592e-20
0.1	1.77828	6.24177e-21
0.1	1.95734	3.35333e-21
0.1	2.15443	1.75757e-21
0.1	2.37137	8.96267e-22
0.1	2.61016	4.43539e-22
0.1	2.87298	2.12406e-22
0.1	3.16228	9.80817e-23
0.1	3.4807	4.35192e-23
0.1	3.83119	1.84889e-23
0.1	4.21697	7.48447e-24
0.1	4.64159	2.87402e-24
0.1	5.10897	1.04119e-24
0.1	5.62341	3.53908e-25
0.1	6.18966	1.12133e-25
0.1	6.81292	3.28849e-26
0.1	7.49894	8.8582e-27
0.1	8.25404	2.173e-27
0.1	9.08518	4.80979e-28
0.1	10.0	9.50745e-29
0.1	1.0	1.92413e-19
0.1	1.10069	1.15906e-19
0.1	1.21153	6.88734e-20
0.1	1.33352	4.03257e-20
0.1	1.4678	2.32238e-20
0.1	1.6156	1.31341e-20
0.1	1.77828	7.28448e-21
0.1	1.95734	3.95195e-21
0.1	2.15443	2.09361e-21
0.1	2.37137	1.08032e-21
0.1	2.61016	5.41767e-22
0.1	2.87298	2.63117e-22
0.1	3.16228	1.23451e-22
0.1	3.4807	5.57358e-23
0.1	3.83119	2.41287e-23
0.1	4.21697	9.9743e-24
0.1	4.64159	3.91857e-24
0.1	5.10897	1.45625e-24
0.1	5.62341	5.08802e-25
0.1	6.18966	1.66228e-25
0.1	6.81292	5.04039e-26
0.1	7.49894	1.40896e-26
0.1	8.25404	3.60023e-27
0.1	9.08518	8.33095e-28
0.1	10.0	1.72975e-28
0.1	1.0	2.13652e-19
0.1	1.10069	1.29404e-19
0.1	1.21153	7.73298e-20
0.1	1.33352	4.55633e-20
0.1	1.4678	2.64184e-20
0.1	1.6156	1.50561e-20
0.1	1.77828	8.41933e-21
0.1	1.95734	4.60908e-21
0.1	2.15443	2.46631e-21
0.1	2.37137	1.28678e-21
0.1	2.61016	6.53045e-22
0.1	2.87298	3.21403e-22
0.1	3.16228	1.52974e-22
0.1	3.4807	7.01886e-23
0.1	3.83119	3.09202e-23
0.1	4.21697	1.30344e-23
0.1	4.64159	5.23039e-24
0.1	5.10897	1.98958e-24
0.1	5.62341	7.13185e-25
0.1	6.18966	2.39697e-25
0.1	6.81292	7.49769e-26
0.1	7.49894	2.16805e-26
0.1	8.25404	5.75069e-27
0.1	9.08518	1.38701e-27
0.1	10.0	3.01352e-28
0.1	1.0	2.35946e-19
0.1	1.10069	1.4352e-19
0.1	1.21153	8.62367e-20
0.1	1.33352	5.11044e-20
0.1	1.4678	2.98282e-20
0.1	1.6156	1.71153e-20
0.1	1.77828	9.64458e-21
0.1	1.95734	5.3267e-21
0.1	2.15443	2.87627e-21
0.1	2.37137	1.51589e-21
0.1	2.61016	7.77996e-22
0.1	2.87298	3.87646e-22
0.1	3.16228	1.87016e-22
0.1	3.4807	8.70767e-23
0.1	3.83119	3.89976e-23
0.1	4.21697	1.67305e-23
0.1	4.64159	6.84858e-24
0.1	5.10897	2.66194e-24
0.1	5.62341	9.77088e-25
0.1	6.18966	3.36981e-25
0.1	6.81292	1.085e-25
0.1	7.49894	3.23826e-26
0.1	8.25404	8.89443e-27
0.1	9.08518	2.22888e-27
0.1	10.0	5.05069e-28
0.1	1.0	2.59131e-19
0.1	1.10069	1.58384e-19
0.1	1.21153	9.56039e-20
0.1	1.33352	5.69772e-20
0.1	1.4678	3.34492e-20
0.1	1.6156	1.93206e-20
0.1	1.77828	1.0964e-20
0.1	1.95734	6.10245e-21
0.1	2.15443	3.32357e-21
0.1	2.37137	1.76849e-21
0.1	2.61016	9.17107e-22
0.1	2.87298	4.62166e-22
0.1	3.16228	2.25794e-22
0.1	3.4807	1.06606e-22
0.1	3.83119	4.84665e-23
0.1	4.21697	2.11409e-23
0.1	4.64159	8.81258e-24
0.1	5.10897	3.49503e-24
0.1	5.62341	1.31171e-24
0.1	6.18966	4.63486e-25
0.1	6.81292	1.53286e-25
0.1	7.49894	4.71176e-26
0.1	8.25404	1.33643e-26
0.1	9.08518	3.46977e-27
0.1	10.0	8.17634e-28
0.1	1.0	2.83211e-19
0.1	1.10069	1.73874e-19
0.1	1.21153	1.05465e-19
0.1	1.33352	6.31473e-20
0.1	1.4678	3.72775e-20
0.1	1.6156	2.16619e-20
0.1	1.77828	1.23744e-20
0.1	1.95734	6.93848e-21
0.1	2.15443	3.8091e-21
0.1	2.37137	2.04478e-21
0.1	2.61016	1.07066e-21
0.1	2.87298	5.45337e-22
0.1	3.16228	2.69634e-22
0.1	3.4807	1.28915e-22
0.1	3.83119	5.94548e-23
0.1	4.21697	2.63333e-23
0.1	4.64159	1.11677e-23
0.1	5.10897	4.51158e-24
0.1	5.62341	1.72907e-24
0.1	6.18966	6.24863e-25
0.1	6.81292	2.11866e-25
0.1	7.49894	6.69235e-26
0.1	8.25404	1.9565e-26
0.1	9.08518	5.2506e-27
0.1	10.0	1.28319e-27
0.1	1.0	3.0823e-19
0.1	1.10069	1.89957e-19
0.1	1.21153	1.1571e-19
0.1	1.33352	6.95913e-20
0.1	1.4678	4.13077e-20
0.1	1.6156	2.41443e-20
0.1	1.77828	1.38793e-20
0.1	1.95734	7.8336e-21
0.1	2.15443	4.3343e-21
0.1	2.37137	2.34576e-21
0.1	2.61016	1.23917e-21
0.1	2.87298	6.37583e-22
0.1	3.16228	3.18641e-22
0.1	3.4807	1.54185e-22
0.1	3.83119	7.20398e-23
0.1	4.21697	3.23871e-23
0.1	4.64159	1.39512e-23
0.1	5.10897	5.73734e-24
0.1	5.62341	2.24104e-24
0.1	6.18966	8.27239e-25
0.1	6.81292	2.87033e-25
0.1	7.49894	9.30404e-26
0.1	8.25404	2.79695e-26
0.1	9.08518	7.74344e-27
0.1	10.0	1.95772e-27
0.1	1.0	6.6422e-24
0.1	1.10069	3.35911e-24
0.1	1.21153	1.78971e-24
0.1	1.33352	9.74323e-25
0.1	1.4678	5.35476e-25
0.1	1.6156	2.95838e-25
0.1	1.77828	1.64003e-25
0.1	1.95734	9.11388e-26
0.1	2.15443	5.07159e-26
0.1	2.37137	2.82301e-26
0.1	2.61016	1.56967e-26
0.1	2.87298	8.70097e-27
0.1	3.16228	4.79431e-27
0.1	3.4807	2.6138e-27
0.1	3.83119	1.40218e-27
0.1	4.21697	7.34267e-28
0.1	4.64159	3.71576e-28
0.1	5.10897	1.79528e-28
0.1	5.62341	8.15706e-29
0.1	6.18966	3.42396e-29
0.1	6.81292	1.29994e-29
0.1	7.49894	4.35431e-30
0.1	8.25404	1.24909e-30
0.1	9.08518	2.96056e-31
0.1	10.0	5.55778e-32
0.1	1.0	2.85852e-23
0.1	1.10069	9.69858e-24
0.1	1.21153	3.35583e-24
0.1	1.33352	1.31201e-24
0.1	1.4678	6.12238e-25
0.1	1.6156	3.19038e-25
0.1	1.77828	1.72994e-25
0.1	1.95734	9.49953e-26
0.1	2.15443	5.24268e-26
0.1	2.37137	2.90011e-26
0.1	2.61016	1.60478e-26
0.1	2.87298	8.86219e-27
0.1	3.16228	4.86811e-27
0.1	3.4807	2.64877e-27
0.1	3.83119	1.41869e-27
0.1	4.21697	7.42113e-28
0.1	4.64159	3.75386e-28
0.1	5.10897	1.8133e-28
0.1	5.62341	8.2411e-29
0.1	6.18966	3.46143e-29
0.1	6.81292	1.31578e-29
0.1	7.49894	4.41413e-30
0.1	8.25404	1.26858e-30
0.1	9.08518	3.01368e-31
0.1	10.0	5.67698e-32
0.1	1.0	1.45931e-22
0.1	1.10069	5.36019e-23
0.1	1.21153	1.85651e-23
0.1	1.33352	6.06328e-24
0.1	1.4678	1.89343e-24
0.1	1.6156	6.0147e-25
0.1	1.77828	2.23913e-25
0.1	1.95734	1.0476e-25
0.1	2.15443	5.52442e-26
0.1	2.37137	3.01131e-26
0.1	2.61016	1.65332e-26
0.1	2.87298	9.08041e-27
0.1	3.16228	4.96815e-27
0.1	3.4807	2.69503e-27
0.1	3.83119	1.44045e-27
0.1	4.21697	7.52454e-28
0.1	4.64159	3.80318e-28
0.1	5.10897	1.83711e-28
0.1	5.62341	8.35068e-29
0.1	6.18966	3.51099e-29
0.1	6.81292	1.3361e-29
0.1	7.49894	4.49216e-30
0.1	8.25404	1.29419e-30
0.1	9.08518	3.08536e-31
0.1	10.0	5.83457e-32
0.1	1.0	4.91887e-22
0.1	1.10069	1.98362e-22
0.1	1.21153	7.58861e-23
0.1	1.33352	2.74083e-23
0.1	1.4678	9.30178e-24
0.1	1.6156	2.95503e-24
0.1	1.77828	8.81559e-25
0.1	1.95734	2.55285e-25
0.1	2.15443	8.14686e-26
0.1	2.37137	3.4044e-26
0.1	2.61016	1.73777e-26
0.1	2.87298	9.38222e-27
0.1	3.16228	5.09905e-27
0.1	3.4807	2.75451e-27
0.1	3.83119	1.46814e-27
0.1	4.21697	7.65556e-28
0.1	4.64159	3.86549e-28
0.1	5.10897	1.86616e-28
0.1	5.62341	8.48903e-29
0.1	6.18966	3.57262e-29
0.1	6.81292	1.36183e-29
0.1	7.49894	4.58884e-30
0.1	8.25404	1.32615e-30
0.1	9.08518	3.17448e-31
0.1	10.0	6.03368e-32
0.1	1.0	1.24432e-21
0.1	1.10069	5.38688e-22
0.1	1.21153	2.2276e-22
0.1	1.33352	8.75865e-23
0.1	1.4678	3.25828e-23
0.1	1.6156	1.1408e-23
0.1	1.77828	3.73917e-24
0.1	1.95734	1.14169e-24
0.1	2.15443	3.24933e-25
0.1	2.37137	8.85677e-26
0.1	2.61016	2.63077e-26
0.1	2.87298	1.05477e-26
0.1	3.16228	5.31979e-27
0.1	3.4807	2.83241e-27
0.1	3.83119	1.50267e-27
0.1	4.21697	7.81611e-28
0.1	4.64159	3.94139e-28
0.1	5.10897	1.90209e-28
0.1	5.62341	8.6543e-29
0.1	6.18966	3.64633e-29
0.1	6.81292	1.3929e-29
0.1	7.49894	4.70597e-30
0.1	8.25404	1.36528e-30
0.1	9.08518	3.28415e-31
0.1	10.0	6.28e-32
0.1	1.0	2.59163e-21
0.1	1.10069	1.1853e-21
0.1	1.21153	5.20511e-22
0.1	1.33352	2.18623e-22
0.1	1.4678	8.74357e-23
0.1	1.6156	3.31352e-23
0.1	1.77828	1.18367e-23
0.1	1.95734	3.9633e-24
0.1	2.15443	1.23638e-24
0.1	2.37137	3.57564e-25
0.1	2.61016	9.6011e-26
0.1	2.87298	2.48432e-26
0.1	3.16228	7.35773e-27
0.1	3.4807	3.07459e-27
0.1	3.83119	1.55338e-27
0.1	4.21697	8.01474e-28
0.1	4.64159	4.03263e-28
0.1	5.10897	1.9448e-28
0.1	5.62341	8.85218e-29
0.1	6.18966	3.7339e-29
0.1	6.81292	1.42959e-29
0.1	7.49894	4.8458e-30
0.1	8.25404	1.41195e-30
0.1	9.08518	3.41538e-31
0.1	10.0	6.58022e-32
0.1	1.0	4.70761e-21
0.1	1.10069	2.24865e-21
0.1	1.21153	1.03573e-21
0.1	1.33352	4.58384e-22
0.1	1.4678	1.94177e-22
0.1	1.6156	7.83804e-23
0.1	1.77828	3.00071e-23
0.1	1.95734	1.08371e-23
0.1	2.15443	3.67239e-24
0.1	2.37137	1.16003e-24
0.1	2.61016	3.39529e-25
0.1	2.87298	9.16671e-26
0.1	3.16228	2.29955e-26
0.1	3.4807	5.78126e-27
0.1	3.83119	1.86854e-27
0.1	4.21697	8.41695e-28
0.1	4.64159	4.14833e-28
0.1	5.10897	1.99538e-28
0.1	5.62341	9.08273e-29
0.1	6.18966	3.83684e-29
0.1	6.81292	1.47258e-29
0.1	7.49894	5.00935e-30
0.1	8.25404	1.46704e-30
0.1	9.08518	3.57206e-31
0.1	10.0	6.93995e-32
0.1	1.0	7.73748e-21
0.1	1.10069	3.82868e-21
0.1	1.21153	1.83312e-21
0.1	1.33352	8.46482e-22
0.1	1.4678	3.75688e-22
0.1	1.6156	1.59615e-22
0.1	1.77828	6.46469e-23
0.1	1.95734	2.48347e-23
0.1	2.15443	9.00408e-24
0.1	2.37137	3.06377e-24
0.1	2.61016	9.71991e-25
0.1	2.87298	2.85613e-25
0.1	3.16228	7.73044e-26
0.1	3.4807	1.92238e-26
0.1	3.83119	4.52625e-27
0.1	4.21697	1.19439e-27
0.1	4.64159	4.51382e-28
0.1	5.10897	2.06624e-28
0.1	5.62341	9.35666e-29
0.1	6.18966	3.95599e-29
0.1	6.81292	1.52255e-29
0.1	7.49894	5.2007e-30
0.1	8.25404	1.5317e-30
0.1	9.08518	3.75812e-31
0.1	10.0	7.37408e-32