Energy loss[m^2/s^3]	f[Hz]	Noise[Hz^-1/2]
0.01	1.0	5.97339e-21
0.01	1.10069	2.97563e-21
0.01	1.21153	1.43534e-21
0.01	1.33352	6.68172e-22
0.01	1.4678	2.99157e-22
0.01	1.6156	1.28326e-22
0.01	1.77828	5.25108e-23
0.01	1.95734	2.04053e-23
0.01	2.15443	7.48861e-24
0.01	2.37137	2.58199e-24
0.01	2.61016	8.3112e-25
0.01	2.87298	2.48006e-25
0.01	3.16228	6.80935e-26
0.01	3.4807	1.70561e-26
0.01	3.83119	3.86395e-27
0.01	4.21697	7.83508e-28
0.01	4.64159	1.40633e-28
0.01	5.10897	2.2079e-29
0.01	5.62341	2.99173e-30
0.01	6.18966	3.44728e-31
0.01	6.81292	3.32338e-32
0.01	7.49894	2.63287e-33
0.01	8.25404	1.68202e-34
0.01	9.08518	8.48106e-36
0.01	10.0	3.29705e-37
0.02	1.0	6.67223e-21
0.02	1.10069	3.32528e-21
0.02	1.21153	1.60461e-21
0.02	1.33352	7.4732e-22
0.02	1.4678	3.34744e-22
0.02	1.6156	1.43667e-22
0.02	1.77828	5.88285e-23
0.02	1.95734	2.28728e-23
0.02	2.15443	8.40302e-24
0.02	2.37137	2.89992e-24
0.02	2.61016	9.34232e-25
0.02	2.87298	2.79094e-25
0.02	3.16228	7.67322e-26
0.02	3.4807	1.92518e-26
0.02	3.83119	4.36899e-27
0.02	4.21697	8.87883e-28
0.02	4.64159	1.60426e-28
0.02	5.10897	2.55882e-29
0.02	5.62341	3.63417e-30
0.02	6.18966	4.73563e-31
0.02	6.81292	5.80415e-32
0.02	7.49894	6.37425e-33
0.02	8.25404	5.71889e-34
0.02	9.08518	3.92978e-35
0.02	10.0	2.01118e-36
0.03	1.0	7.05822e-21
0.03	1.10069	3.51855e-21
0.03	1.21153	1.69814e-21
0.03	1.33352	7.9114e-22
0.03	1.4678	3.54486e-22
0.03	1.6156	1.52212e-22
0.03	1.77828	6.2351e-23
0.03	1.95734	2.42564e-23
0.03	2.15443	8.91575e-24
0.03	2.37137	3.07871e-24
0.03	2.61016	9.92595e-25
0.03	2.87298	2.96745e-25
0.03	3.16228	8.16539e-26
0.03	3.4807	2.05117e-26
0.03	3.83119	4.66095e-27
0.03	4.21697	9.52366e-28
0.03	4.64159	1.74813e-28
0.03	5.10897	2.98864e-29
0.03	5.62341	5.35695e-30
0.03	6.18966	1.07858e-30
0.03	6.81292	2.08799e-31
0.03	7.49894	3.32053e-32
0.03	8.25404	4.00428e-33
0.03	9.08518	3.48618e-34
0.03	10.0	2.11748e-35
0.04	1.0	7.47184e-21
0.04	1.10069	3.72567e-21
0.04	1.21153	1.79886e-21
0.04	1.33352	8.38404e-22
0.04	1.4678	3.7582e-22
0.04	1.6156	1.61432e-22
0.04	1.77828	6.61701e-23
0.04	1.95734	2.57558e-23
0.04	2.15443	9.4725e-24
0.04	2.37137	3.27335e-24
0.04	2.61016	1.05625e-24
0.04	2.87298	3.16152e-25
0.04	3.16228	8.70923e-26
0.04	3.4807	2.19047e-26
0.04	3.83119	4.9983e-27
0.04	4.21697	1.03214e-27
0.04	4.64159	1.99859e-28
0.04	5.10897	4.23989e-29
0.04	5.62341	1.14456e-29
0.04	6.18966	3.26813e-30
0.04	6.81292	8.20806e-31
0.04	7.49894	1.6812e-31
0.04	8.25404	2.67326e-32
0.04	9.08518	3.13998e-33
0.04	10.0	2.58448e-34
0.05	1.0	7.69011e-21
0.05	1.10069	3.83523e-21
0.05	1.21153	1.85201e-21
0.05	1.33352	8.63272e-22
0.05	1.4678	3.87125e-22
0.05	1.6156	1.66336e-22
0.05	1.77828	6.8197e-23
0.05	1.95734	2.65546e-23
0.05	2.15443	9.77103e-24
0.05	2.37137	3.37821e-24
0.05	2.61016	1.09054e-24
0.05	2.87298	3.26598e-25
0.05	3.16228	9.0028e-26
0.05	3.4807	2.26669e-26
0.05	3.83119	5.18587e-27
0.05	4.21697	1.08253e-27
0.05	4.64159	2.21003e-28
0.05	5.10897	5.49325e-29
0.05	5.62341	1.74541e-29
0.05	6.18966	5.53675e-30
0.05	6.81292	1.53368e-30
0.05	7.49894	3.51457e-31
0.05	8.25404	6.37813e-32
0.05	9.08518	8.73774e-33
0.05	10.0	8.55789e-34
0.06	1.0	7.91794e-21
0.06	1.10069	3.94945e-21
0.06	1.21153	1.90756e-21
0.06	1.33352	8.89424e-22
0.06	1.4678	3.98917e-22
0.06	1.6156	1.7145e-22
0.06	1.77828	7.03207e-23
0.06	1.95734	2.73921e-23
0.06	2.15443	1.0083e-23
0.06	2.37137	3.48797e-24
0.06	2.61016	1.12668e-24
0.06	2.87298	3.37597e-25
0.06	3.16228	9.31363e-26
0.06	3.4807	2.34944e-26
0.06	3.83119	5.39084e-27
0.06	4.21697	1.14347e-27
0.06	4.64159	2.5169e-28
0.06	5.10897	7.35703e-29
0.06	5.62341	2.63456e-29
0.06	6.18966	9.07727e-30
0.06	6.81292	2.74367e-30
0.06	7.49894	6.97482e-31
0.06	8.25404	1.43331e-31
0.06	9.08518	2.27553e-32
0.06	10.0	2.64794e-33
0.07	1.0	8.15322e-21
0.07	1.10069	4.06788e-21
0.07	1.21153	1.96529e-21
0.07	1.33352	9.16601e-22
0.07	1.4678	4.11226e-22
0.07	1.6156	1.76803e-22
0.07	1.77828	7.25416e-23
0.07	1.95734	2.82695e-23
0.07	2.15443	1.04113e-23
0.07	2.37137	3.60353e-24
0.07	2.61016	1.16473e-24
0.07	2.87298	3.49223e-25
0.07	3.16228	9.6435e-26
0.07	3.4807	2.43709e-26
0.07	3.83119	5.62047e-27
0.07	4.21697	1.21983e-27
0.07	4.64159	2.95517e-28
0.07	5.10897	9.98056e-29
0.07	5.62341	3.89958e-29
0.07	6.18966	1.43966e-29
0.07	6.81292	4.70723e-30
0.07	7.49894	1.31607e-30
0.07	8.25404	3.03472e-31
0.07	9.08518	5.53224e-32
0.07	10.0	7.58714e-33
0.08	1.0	8.399e-21
0.08	1.10069	4.19149e-21
0.08	1.21153	2.02556e-21
0.08	1.33352	9.44931e-22
0.08	1.4678	4.24093e-22
0.08	1.6156	1.82399e-22
0.08	1.77828	7.48755e-23
0.08	1.95734	2.91914e-23
0.08	2.15443	1.07566e-23
0.08	2.37137	3.72527e-24
0.08	2.61016	1.20495e-24
0.08	2.87298	3.61589e-25
0.08	3.16228	9.99681e-26
0.08	3.4807	2.53159e-26
0.08	3.83119	5.87723e-27
0.08	4.21697	1.31767e-27
0.08	4.64159	3.56158e-28
0.08	5.10897	1.35297e-28
0.08	5.62341	5.64625e-29
0.08	6.18966	2.21229e-29
0.08	6.81292	7.76434e-30
0.08	7.49894	2.36709e-30
0.08	8.25404	6.06689e-31
0.08	9.08518	1.25699e-31
0.08	10.0	2.00975e-32
0.09	1.0	8.6558e-21
0.09	1.10069	4.32027e-21
0.09	1.21153	2.08849e-21
0.09	1.33352	9.74583e-22
0.09	1.4678	4.37581e-22
0.09	1.6156	1.8828e-22
0.09	1.77828	7.73205e-23
0.09	1.95734	3.01631e-23
0.09	2.15443	1.11212e-23
0.09	2.37137	3.85414e-24
0.09	2.61016	1.24759e-24
0.09	2.87298	3.74745e-25
0.09	3.16228	1.03732e-25
0.09	3.4807	2.63384e-26
0.09	3.83119	6.17191e-27
0.09	4.21697	1.44421e-27
0.09	4.64159	4.37701e-28
0.09	5.10897	1.82079e-28
0.09	5.62341	7.99981e-29
0.09	6.18966	3.30236e-29
0.09	6.81292	1.23513e-29
0.09	7.49894	4.07326e-30
0.09	8.25404	1.14921e-30
0.09	9.08518	2.67702e-31
0.09	10.0	4.93058e-32
0.11	1.0	8.92288e-21
0.11	1.10069	4.45527e-21
0.11	1.21153	2.15436e-21
0.11	1.33352	1.00575e-21
0.11	1.4678	4.517e-22
0.11	1.6156	1.94449e-22
0.11	1.77828	7.99008e-23
0.11	1.95734	3.11868e-23
0.11	2.15443	1.15064e-23
0.11	2.37137	3.99054e-24
0.11	2.61016	1.29294e-24
0.11	2.87298	3.88785e-25
0.11	3.16228	1.07809e-25
0.11	3.4807	2.74633e-26
0.11	3.83119	6.51589e-27
0.11	4.21697	1.6095e-27
0.11	4.64159	5.4445e-28
0.11	5.10897	2.42497e-28
0.11	5.62341	1.11088e-28
0.11	6.18966	4.80085e-29
0.11	6.81292	1.90065e-29
0.11	7.49894	6.72776e-30
0.11	8.25404	2.07091e-30
0.11	9.08518	5.36383e-31
0.11	10.0	1.12469e-31
0.13	1.0	9.20292e-21
0.13	1.10069	4.59627e-21
0.13	1.21153	2.2234e-21
0.13	1.33352	1.03831e-21
0.13	1.4678	4.66573e-22
0.13	1.6156	2.00956e-22
0.13	1.77828	8.26177e-23
0.13	1.95734	3.22701e-23
0.13	2.15443	1.19141e-23
0.13	2.37137	4.13581e-24
0.13	2.61016	1.34136e-24
0.13	2.87298	4.03885e-25
0.13	3.16228	1.12198e-25
0.13	3.4807	2.87061e-26
0.13	3.83119	6.92417e-27
0.13	4.21697	1.82436e-27
0.13	4.64159	6.81425e-28
0.13	5.10897	3.19444e-28
0.13	5.62341	1.51479e-28
0.13	6.18966	6.81486e-29
0.13	6.81292	2.83811e-29
0.13	7.49894	1.07032e-29
0.13	8.25404	3.56336e-30
0.13	9.08518	1.01657e-30
0.13	10.0	2.39747e-31
0.15	1.0	9.4961e-21
0.15	1.10069	4.74424e-21
0.15	1.21153	2.29584e-21
0.15	1.33352	1.07266e-21
0.15	1.4678	4.82249e-22
0.15	1.6156	2.07826e-22
0.15	1.77828	8.54951e-23
0.15	1.95734	3.34183e-23
0.15	2.15443	1.23489e-23
0.15	2.37137	4.29054e-24
0.15	2.61016	1.39307e-24
0.15	2.87298	4.2012e-25
0.15	3.16228	1.16984e-25
0.15	3.4807	3.00941e-26
0.15	3.83119	7.41815e-27
0.15	4.21697	2.10246e-27
0.15	4.64159	8.5473e-28
0.15	5.10897	4.16347e-28
0.15	5.62341	2.03238e-28
0.15	6.18966	9.4688e-29
0.15	6.81292	4.12408e-29
0.15	7.49894	1.64589e-29
0.15	8.25404	5.88112e-30
0.15	9.08518	1.82948e-30
0.15	10.0	4.79952e-31
0.17	1.0	9.80397e-21
0.17	1.10069	4.8998e-21
0.17	1.21153	2.3721e-21
0.17	1.33352	1.10883e-21
0.17	1.4678	4.98796e-22
0.17	1.6156	2.15097e-22
0.17	1.77828	8.855e-23
0.17	1.95734	3.46395e-23
0.17	2.15443	1.28114e-23
0.17	2.37137	4.45614e-24
0.17	2.61016	1.44874e-24
0.17	2.87298	4.3762e-25
0.17	3.16228	1.222e-25
0.17	3.4807	3.16655e-26
0.17	3.83119	8.0251e-27
0.17	4.21697	2.45978e-27
0.17	4.64159	1.07192e-27
0.17	5.10897	5.3767e-28
0.17	5.62341	2.68825e-28
0.17	6.18966	1.29123e-28
0.17	6.81292	5.85046e-29
0.17	7.49894	2.45533e-29
0.17	8.25404	9.34181e-30
0.17	9.08518	3.14284e-30
0.17	10.0	9.07582e-31
0.2	1.0	1.01272e-20
0.2	1.10069	5.0635e-21
0.2	1.21153	2.45259e-21
0.2	1.33352	1.14711e-21
0.2	1.4678	5.16321e-22
0.2	1.6156	2.228e-22
0.2	1.77828	9.17932e-23
0.2	1.95734	3.59407e-23
0.2	2.15443	1.33073e-23
0.2	2.37137	4.63381e-24
0.2	2.61016	1.50871e-24
0.2	2.87298	4.56599e-25
0.2	3.16228	1.27955e-25
0.2	3.4807	3.34664e-26
0.2	3.83119	8.78092e-27
0.2	4.21697	2.91487e-27
0.2	4.64159	1.34243e-27
0.2	5.10897	6.88404e-28
0.2	5.62341	3.51241e-28
0.2	6.18966	1.73189e-28
0.2	6.81292	8.12232e-29
0.2	7.49894	3.56317e-29
0.2	8.25404	1.434e-29
0.2	9.08518	5.17358e-30
0.2	10.0	1.62883e-30
0.24	1.0	1.04678e-20
0.24	1.10069	5.23644e-21
0.24	1.21153	2.53771e-21
0.24	1.33352	1.18759e-21
0.24	1.4678	5.34918e-22
0.24	1.6156	2.31e-22
0.24	1.77828	9.52565e-23
0.24	1.95734	3.73353e-23
0.24	2.15443	1.3839e-23
0.24	2.37137	4.82534e-24
0.24	2.61016	1.57364e-24
0.24	2.87298	4.77413e-25
0.24	3.16228	1.34347e-25
0.24	3.4807	3.55675e-26
0.24	3.83119	9.73043e-27
0.24	4.21697	3.4906e-27
0.24	4.64159	1.67761e-27
0.24	5.10897	8.75297e-28
0.24	5.62341	4.54066e-28
0.24	6.18966	2.28977e-28
0.24	6.81292	1.10637e-28
0.24	7.49894	5.04666e-29
0.24	8.25404	2.13444e-29
0.24	9.08518	8.19646e-30
0.24	10.0	2.78788e-30
0.28	1.0	1.08276e-20
0.28	1.10069	5.41908e-21
0.28	1.21153	2.62775e-21
0.28	1.33352	1.2306e-21
0.28	1.4678	5.54679e-22
0.28	1.6156	2.39746e-22
0.28	1.77828	9.8957e-23
0.28	1.95734	3.88295e-23
0.28	2.15443	1.44114e-23
0.28	2.37137	5.03255e-24
0.28	2.61016	1.64447e-24
0.28	2.87298	5.00222e-25
0.28	3.16228	1.41509e-25
0.28	3.4807	3.80542e-26
0.28	3.83119	1.09303e-26
0.28	4.21697	4.21353e-27
0.28	4.64159	2.09248e-27
0.28	5.10897	1.1061e-27
0.28	5.62341	5.81811e-28
0.28	6.18966	2.99009e-28
0.28	6.81292	1.48248e-28
0.28	7.49894	6.99636e-29
0.28	8.25404	3.09128e-29
0.28	9.08518	1.25457e-29
0.28	10.0	4.57365e-30
0.33	1.0	1.1209e-20
0.33	1.10069	5.6132e-21
0.33	1.21153	2.72359e-21
0.33	1.33352	1.27639e-21
0.33	1.4678	5.75824e-22
0.33	1.6156	2.49109e-22
0.33	1.77828	1.02935e-22
0.33	1.95734	4.04404e-23
0.33	2.15443	1.50303e-23
0.33	2.37137	5.25755e-24
0.33	2.61016	1.72186e-24
0.33	2.87298	5.25419e-25
0.33	3.16228	1.49623e-25
0.33	3.4807	4.10302e-26
0.33	3.83119	1.24487e-26
0.33	4.21697	5.11777e-27
0.33	4.64159	2.60476e-27
0.33	5.10897	1.39089e-27
0.33	5.62341	7.39931e-28
0.33	6.18966	3.86324e-28
0.33	6.81292	1.95803e-28
0.33	7.49894	9.51609e-29
0.33	8.25404	4.36956e-29
0.33	9.08518	1.86244e-29
0.33	10.0	7.22008e-30
0.39	1.0	1.16129e-20
0.39	1.10069	5.81918e-21
0.39	1.21153	2.82554e-21
0.39	1.33352	1.32524e-21
0.39	1.4678	5.98407e-22
0.39	1.6156	2.59159e-22
0.39	1.77828	1.07215e-22
0.39	1.95734	4.21796e-23
0.39	2.15443	1.57024e-23
0.39	2.37137	5.50355e-24
0.39	2.61016	1.80677e-24
0.39	2.87298	5.53525e-25
0.39	3.16228	1.58941e-25
0.39	3.4807	4.46506e-26
0.39	3.83119	1.43682e-26
0.39	4.21697	6.24384e-27
0.39	4.64159	3.23728e-27
0.39	5.10897	1.74219e-27
0.39	5.62341	9.35147e-28
0.39	6.18966	4.94714e-28
0.39	6.81292	2.55444e-28
0.39	7.49894	1.27321e-28
0.39	8.25404	6.04415e-29
0.39	9.08518	2.69022e-29
0.39	10.0	1.10143e-29
0.45	1.0	1.20429e-20
0.45	1.10069	6.03873e-21
0.45	1.21153	2.93453e-21
0.45	1.33352	1.37766e-21
0.45	1.4678	6.22707e-22
0.45	1.6156	2.70002e-22
0.45	1.77828	1.11849e-22
0.45	1.95734	4.40685e-23
0.45	2.15443	1.64346e-23
0.45	2.37137	5.7727e-24
0.45	2.61016	1.90068e-24
0.45	2.87298	5.85018e-25
0.45	3.16228	1.69733e-25
0.45	3.4807	4.90999e-26
0.45	3.83119	1.6794e-26
0.45	4.21697	7.64393e-27
0.45	4.64159	4.01768e-27
0.45	5.10897	2.17506e-27
0.45	5.62341	1.17599e-27
0.45	6.18966	6.28819e-28
0.45	6.81292	3.29756e-28
0.45	7.49894	1.67933e-28
0.45	8.25404	8.20592e-29
0.45	9.08518	3.79234e-29
0.45	10.0	1.62936e-29
0.53	1.0	1.25016e-20
0.53	1.10069	6.27383e-21
0.53	1.21153	3.05133e-21
0.53	1.33352	1.43389e-21
0.53	1.4678	6.48877e-22
0.53	1.6156	2.817e-22
0.53	1.77828	1.1687e-22
0.53	1.95734	4.61251e-23
0.53	2.15443	1.7236e-23
0.53	2.37137	6.06932e-24
0.53	2.61016	2.00521e-24
0.53	2.87298	6.20672e-25
0.53	3.16228	1.82415e-25
0.53	3.4807	5.46149e-26
0.53	3.83119	1.98436e-26
0.53	4.21697	9.38038e-27
0.53	4.64159	4.98092e-27
0.53	5.10897	2.70865e-27
0.53	5.62341	1.47285e-27
0.53	6.18966	7.94357e-28
0.53	6.81292	4.21956e-28
0.53	7.49894	2.18817e-28
0.53	8.25404	1.09599e-28
0.53	9.08518	5.23425e-29
0.53	10.0	2.34617e-29
0.62	1.0	1.29926e-20
0.62	1.10069	6.52592e-21
0.62	1.21153	3.17689e-21
0.62	1.33352	1.49454e-21
0.62	1.4678	6.77154e-22
0.62	1.6156	2.94406e-22
0.62	1.77828	1.22334e-22
0.62	1.95734	4.83739e-23
0.62	2.15443	1.81191e-23
0.62	2.37137	6.39806e-24
0.62	2.61016	2.12224e-24
0.62	2.87298	6.61413e-25
0.62	3.16228	1.97481e-25
0.62	3.4807	6.1494e-26
0.62	3.83119	2.36716e-26
0.62	4.21697	1.15334e-26
0.62	4.64159	6.16971e-27
0.62	5.10897	3.36652e-27
0.62	5.62341	1.83875e-27
0.62	6.18966	9.98544e-28
0.62	6.81292	5.35984e-28
0.62	7.49894	2.82195e-28
0.62	8.25404	1.44333e-28
0.62	9.08518	7.08981e-29
0.62	10.0	3.29799e-29
0.73	1.0	1.35192e-20
0.73	1.10069	6.79693e-21
0.73	1.21153	3.31238e-21
0.73	1.33352	1.56017e-21
0.73	1.4678	7.07859e-22
0.73	1.6156	3.08227e-22
0.73	1.77828	1.28314e-22
0.73	1.95734	5.08439e-23
0.73	2.15443	1.90927e-23
0.73	2.37137	6.76473e-24
0.73	2.61016	2.25403e-24
0.73	2.87298	7.08344e-25
0.73	3.16228	2.15573e-25
0.73	3.4807	7.00934e-26
0.73	3.83119	2.84582e-26
0.73	4.21697	1.41966e-26
0.73	4.64159	7.63762e-27
0.73	5.10897	4.17774e-27
0.73	5.62341	2.28951e-27
0.73	6.18966	1.2502e-27
0.73	6.81292	6.76723e-28
0.73	7.49894	3.60755e-28
0.73	8.25404	1.87833e-28
0.73	9.08518	9.45334e-29
0.73	10.0	4.54023e-29
0.85	1.0	1.40861e-20
0.85	1.10069	7.08919e-21
0.85	1.21153	3.45889e-21
0.85	1.33352	1.63133e-21
0.85	1.4678	7.41252e-22
0.85	1.6156	3.23349e-22
0.85	1.77828	1.34874e-22
0.85	1.95734	5.35752e-23
0.85	2.15443	2.01746e-23
0.85	2.37137	7.17485e-24
0.85	2.61016	2.4038e-24
0.85	2.87298	7.62972e-25
0.85	3.16228	2.37507e-25
0.85	3.4807	8.087e-26
0.85	3.83119	3.44271e-26
0.85	4.21697	1.74929e-26
0.85	4.64159	9.45035e-27
0.85	5.10897	5.17872e-27
0.85	5.62341	2.84539e-27
0.85	6.18966	1.56031e-27
0.85	6.81292	8.50228e-28
0.85	7.49894	4.57847e-28
0.85	8.25404	2.41945e-28
0.85	9.08518	1.2428e-28
0.85	10.0	6.13597e-29
1.0	1.0	1.46988e-20
1.0	1.10069	7.40564e-21
1.0	1.21153	3.61802e-21
1.0	1.33352	1.70892e-21
1.0	1.4678	7.77806e-22
1.0	1.6156	3.39933e-22
1.0	1.77828	1.42114e-22
1.0	1.95734	5.66001e-23
1.0	2.15443	2.13831e-23
1.0	2.37137	7.63691e-24
1.0	2.61016	2.57521e-24
1.0	2.87298	8.27215e-25
1.0	3.16228	2.64341e-25
1.0	3.4807	9.43628e-26
1.0	3.83119	4.18509e-26
1.0	4.21697	2.15679e-26
1.0	4.64159	1.16881e-26
1.0	5.10897	6.41408e-27
1.0	5.62341	3.53101e-27
1.0	6.18966	1.94255e-27
1.0	6.81292	1.06408e-27
1.0	7.49894	5.77694e-28
1.0	8.25404	3.08967e-28
1.0	9.08518	1.61473e-28
1.0	10.0	8.16365e-29