r0[m]	epsilon[m^2/s^3]	U[m/s]	f[Hz]	Noise[Hz^-1/2]
5	0.01	1	1.04811	1.73578e-25
5	0.01	1	1.09854	1.30489e-25
5	0.01	1	1.1514	9.80592e-26
5	0.01	1	1.20679	7.36384e-26
5	0.01	1	1.26486	5.52563e-26
5	0.01	1	1.32571	4.14143e-26
5	0.01	1	1.3895	3.09935e-26
5	0.01	1	1.45635	2.31484e-26
5	0.01	1	1.52642	1.72452e-26
5	0.01	1	1.59986	1.28091e-26
5	0.01	1	1.67683	9.47703e-27
5	0.01	1	1.75751	6.98061e-27
5	0.01	1	1.84207	5.11265e-27
5	0.01	1	1.9307	3.71994e-27
5	0.01	1	2.02359	2.68534e-27
5	0.01	1	2.12095	1.92086e-27
5	0.01	1	2.223	1.35944e-27
5	0.01	1	2.32995	9.50393e-28
5	0.01	1	2.44205	6.55151e-28
5	0.01	1	2.55955	4.44515e-28
5	0.01	1	2.6827	2.96131e-28
5	0.01	1	2.81177	1.9334e-28
5	0.01	1	2.94705	1.2337e-28
5	0.01	1	3.08884	7.67404e-29
5	0.01	1	3.23746	4.6386e-29
5	0.01	1	3.39322	2.71661e-29
5	0.01	1	3.55648	1.53623e-29
5	0.01	1	3.72759	8.35392e-30
5	0.01	1	3.90694	4.35041e-30
5	0.01	1	4.09492	2.1604e-30
5	0.01	1	4.29193	1.01791e-30
5	0.01	1	4.49843	4.52667e-31
5	0.01	1	4.71487	1.88778e-31
5	0.01	1	4.94171	7.33709e-32
5	0.01	1	5.17947	2.6393e-32
5	0.01	1	5.42868	8.71562e-33
5	0.01	1	5.68987	2.62039e-33
5	0.01	1	5.96362	7.10389e-34
5	0.01	1	6.25055	1.71804e-34
5	0.01	1	6.55129	3.67321e-35
5	0.01	1	6.86649	6.8402e-36
5	0.01	1	7.19686	1.09553e-36
5	0.01	1	7.54312	1.48683e-37
5	0.01	1	7.90604	1.68119e-38
5	0.01	1	8.28643	1.5559e-39
5	0.01	1	8.68511	1.15627e-40
5	0.01	1	9.10298	6.7438e-42
5	0.01	1	9.54095	3.01386e-43
5	0.01	1	10.0	1.00674e-44
5	0.01	5	1.04811	5.77437e-23
5	0.01	5	1.09854	3.4937e-23
5	0.01	5	1.1514	2.08188e-23
5	0.01	5	1.20679	1.22119e-23
5	0.01	5	1.26486	7.04396e-24
5	0.01	5	1.32571	3.99278e-24
5	0.01	5	1.3895	2.22242e-24
5	0.01	5	1.45635	1.21369e-24
5	0.01	5	1.52642	6.49723e-25
5	0.01	5	1.59986	3.40662e-25
5	0.01	5	1.67683	1.74901e-25
5	0.01	5	1.75751	8.78683e-26
5	0.01	5	1.84207	4.32245e-26
5	0.01	5	1.9307	2.08937e-26
5	0.01	5	2.02359	1.00126e-26
5	0.01	5	2.12095	4.86175e-27
5	0.01	5	2.223	2.48465e-27
5	0.01	5	2.32995	1.38776e-27
5	0.01	5	2.44205	8.48312e-28
5	0.01	5	2.55955	5.47025e-28
5	0.01	5	2.6827	3.58465e-28
5	0.01	5	2.81177	2.33593e-28
5	0.01	5	2.94705	1.49729e-28
5	0.01	5	3.08884	9.38729e-29
5	0.01	5	3.23746	5.7325e-29
5	0.01	5	3.39322	3.39902e-29
5	0.01	5	3.55648	1.95004e-29
5	0.01	5	3.72759	1.07817e-29
5	0.01	5	3.90694	5.72472e-30
5	0.01	5	4.09492	2.90605e-30
5	0.01	5	4.29193	1.40361e-30
5	0.01	5	4.49843	6.41944e-31
5	0.01	5	4.71487	2.76387e-31
5	0.01	5	4.94171	1.11381e-31
5	0.01	5	5.17947	4.17438e-32
5	0.01	5	5.42868	1.44457e-32
5	0.01	5	5.68987	4.58097e-33
5	0.01	5	5.96362	1.32066e-33
5	0.01	5	6.25055	3.42918e-34
5	0.01	5	6.55129	7.95175e-35
5	0.01	5	6.86649	1.62958e-35
5	0.01	5	7.19686	2.92211e-36
5	0.01	5	7.54312	4.53871e-37
5	0.01	5	7.90604	6.04649e-38
5	0.01	5	8.28643	6.84717e-39
5	0.01	5	8.68511	6.54594e-40
5	0.01	5	9.10298	5.26094e-41
5	0.01	5	9.54095	3.55248e-42
5	0.01	5	10.0	2.0208e-43
5	0.01	10	1.04811	4.1469e-21
5	0.01	10	1.09854	2.93744e-21
5	0.01	10	1.1514	2.06463e-21
5	0.01	10	1.20679	1.43958e-21
5	0.01	10	1.26486	9.95218e-22
5	0.01	10	1.32571	6.81917e-22
5	0.01	10	1.3895	4.62962e-22
5	0.01	10	1.45635	3.11217e-22
5	0.01	10	1.52642	2.07094e-22
5	0.01	10	1.59986	1.36357e-22
5	0.01	10	1.67683	8.87784e-23
5	0.01	10	1.75751	5.71267e-23
5	0.01	10	1.84207	3.63117e-23
5	0.01	10	1.9307	2.27846e-23
5	0.01	10	2.02359	1.4108e-23
5	0.01	10	2.12095	8.61105e-24
5	0.01	10	2.223	5.17903e-24
5	0.01	10	2.32995	3.06755e-24
5	0.01	10	2.44205	1.78773e-24
5	0.01	10	2.55955	1.02401e-24
5	0.01	10	2.6827	5.76288e-25
5	0.01	10	2.81177	3.18344e-25
5	0.01	10	2.94705	1.72441e-25
5	0.01	10	3.08884	9.15156e-26
5	0.01	10	3.23746	4.75391e-26
5	0.01	10	3.39322	2.41427e-26
5	0.01	10	3.55648	1.19761e-26
5	0.01	10	3.72759	5.79616e-27
5	0.01	10	3.90694	2.73373e-27
5	0.01	10	4.09492	1.25467e-27
5	0.01	10	4.29193	5.59841e-28
5	0.01	10	4.49843	2.42469e-28
5	0.01	10	4.71487	1.01795e-28
5	0.01	10	4.94171	4.13581e-29
5	0.01	10	5.17947	1.62398e-29
5	0.01	10	5.42868	6.15074e-30
5	0.01	10	5.68987	2.24463e-30
5	0.01	10	5.96362	7.87221e-31
5	0.01	10	6.25055	2.64952e-31
5	0.01	10	6.55129	8.53941e-32
5	0.01	10	6.86649	2.63061e-32
5	0.01	10	7.19686	7.72811e-33
5	0.01	10	7.54312	2.16003e-33
5	0.01	10	7.90604	5.73205e-34
5	0.01	10	8.28643	1.44008e-34
5	0.01	10	8.68511	3.41693e-35
5	0.01	10	9.10298	7.63549e-36
5	0.01	10	9.54095	1.60229e-36
5	0.01	10	10.0	3.14882e-37
5	0.01	15	1.04811	2.23389e-20
5	0.01	15	1.09854	1.67009e-20
5	0.01	15	1.1514	1.24142e-20
5	0.01	15	1.20679	9.18016e-21
5	0.01	15	1.26486	6.74966e-21
5	0.01	15	1.32571	4.93454e-21
5	0.01	15	1.3895	3.58363e-21
5	0.01	15	1.45635	2.5861e-21
5	0.01	15	1.52642	1.85353e-21
5	0.01	15	1.59986	1.3189e-21
5	0.01	15	1.67683	9.31298e-22
5	0.01	15	1.75751	6.52507e-22
5	0.01	15	1.84207	4.53488e-22
5	0.01	15	1.9307	3.12398e-22
5	0.01	15	2.02359	2.13319e-22
5	0.01	15	2.12095	1.44237e-22
5	0.01	15	2.223	9.65702e-23
5	0.01	15	2.32995	6.40038e-23
5	0.01	15	2.44205	4.19629e-23
5	0.01	15	2.55955	2.7194e-23
5	0.01	15	2.6827	1.74144e-23
5	0.01	15	2.81177	1.1013e-23
5	0.01	15	2.94705	6.87511e-24
5	0.01	15	3.08884	4.2328e-24
5	0.01	15	3.23746	2.56903e-24
5	0.01	15	3.39322	1.53559e-24
5	0.01	15	3.55648	9.03887e-25
5	0.01	15	3.72759	5.23198e-25
5	0.01	15	3.90694	2.9763e-25
5	0.01	15	4.09492	1.66271e-25
5	0.01	15	4.29193	9.11322e-26
5	0.01	15	4.49843	4.89731e-26
5	0.01	15	4.71487	2.57708e-26
5	0.01	15	4.94171	1.32672e-26
5	0.01	15	5.17947	6.67532e-27
5	0.01	15	5.42868	3.27984e-27
5	0.01	15	5.68987	1.57092e-27
5	0.01	15	5.96362	7.32973e-28
5	0.01	15	6.25055	3.32681e-28
5	0.01	15	6.55129	1.46668e-28
5	0.01	15	6.86649	6.27486e-29
5	0.01	15	7.19686	2.59958e-29
5	0.01	15	7.54312	1.04165e-29
5	0.01	15	7.90604	4.0325e-30
5	0.01	15	8.28643	1.5048e-30
5	0.01	15	8.68511	5.40356e-31
5	0.01	15	9.10298	1.86434e-31
5	0.01	15	9.54095	6.16416e-32
5	0.01	15	10.0	1.95084e-32
5	0.01	20	1.04811	5.84387e-20
5	0.01	20	1.09854	4.48727e-20
5	0.01	20	1.1514	3.43263e-20
5	0.01	20	1.20679	2.61539e-20
5	0.01	20	1.26486	1.98338e-20
5	0.01	20	1.32571	1.49789e-20
5	0.01	20	1.3895	1.1259e-20
5	0.01	20	1.45635	8.42033e-21
5	0.01	20	1.52642	6.26325e-21
5	0.01	20	1.59986	4.63472e-21
5	0.01	20	1.67683	3.41052e-21
5	0.01	20	1.75751	2.49403e-21
5	0.01	20	1.84207	1.8133e-21
5	0.01	20	1.9307	1.30921e-21
5	0.01	20	2.02359	9.39115e-22
5	0.01	20	2.12095	6.68797e-22
5	0.01	20	2.223	4.72728e-22
5	0.01	20	2.32995	3.31484e-22
5	0.01	20	2.44205	2.30587e-22
5	0.01	20	2.55955	1.59005e-22
5	0.01	20	2.6827	1.08687e-22
5	0.01	20	2.81177	7.35839e-23
5	0.01	20	2.94705	4.93299e-23
5	0.01	20	3.08884	3.27302e-23
5	0.01	20	3.23746	2.14824e-23
5	0.01	20	3.39322	1.39429e-23
5	0.01	20	3.55648	8.93807e-24
5	0.01	20	3.72759	5.663e-24
5	0.01	20	3.90694	3.5397e-24
5	0.01	20	4.09492	2.18279e-24
5	0.01	20	4.29193	1.32713e-24
5	0.01	20	4.49843	7.94741e-25
5	0.01	20	4.71487	4.68577e-25
5	0.01	20	4.94171	2.717e-25
5	0.01	20	5.17947	1.54884e-25
5	0.01	20	5.42868	8.67182e-26
5	0.01	20	5.68987	4.76336e-26
5	0.01	20	5.96362	2.56503e-26
5	0.01	20	6.25055	1.35305e-26
5	0.01	20	6.55129	6.98451e-27
5	0.01	20	6.86649	3.52323e-27
5	0.01	20	7.19686	1.73582e-27
5	0.01	20	7.54312	8.33678e-28
5	0.01	20	7.90604	3.90113e-28
5	0.01	20	8.28643	1.7763e-28
5	0.01	20	8.68511	7.85535e-29
5	0.01	20	9.10298	3.37279e-29
5	0.01	20	9.54095	1.40261e-29
5	0.01	20	10.0	5.64227e-30
5	0.01	25	1.04811	1.11488e-19
5	0.01	25	1.09854	8.71029e-20
5	0.01	25	1.1514	6.77555e-20
5	0.01	25	1.20679	5.256e-20
5	0.01	25	1.26486	4.06419e-20
5	0.01	25	1.32571	3.12951e-20
5	0.01	25	1.3895	2.40072e-20
5	0.01	25	1.45635	1.83494e-20
5	0.01	25	1.52642	1.39625e-20
5	0.01	25	1.59986	1.05797e-20
5	0.01	25	1.67683	7.98016e-21
5	0.01	25	1.75751	5.99055e-21
5	0.01	25	1.84207	4.4737e-21
5	0.01	25	1.9307	3.32263e-21
5	0.01	25	2.02359	2.45521e-21
5	0.01	25	2.12095	1.80446e-21
5	0.01	25	2.223	1.31761e-21
5	0.01	25	2.32995	9.56098e-22
5	0.01	25	2.44205	6.89371e-22
5	0.01	25	2.55955	4.93636e-22
5	0.01	25	2.6827	3.50917e-22
5	0.01	25	2.81177	2.47525e-22
5	0.01	25	2.94705	1.73158e-22
5	0.01	25	3.08884	1.20225e-22
5	0.01	25	3.23746	8.27319e-23
5	0.01	25	3.39322	5.63999e-23
5	0.01	25	3.55648	3.80958e-23
5	0.01	25	3.72759	2.54589e-23
5	0.01	25	3.90694	1.68521e-23
5	0.01	25	4.09492	1.10285e-23
5	0.01	25	4.29193	7.13616e-24
5	0.01	25	4.49843	4.56301e-24
5	0.01	25	4.71487	2.87953e-24
5	0.01	25	4.94171	1.79399e-24
5	0.01	25	5.17947	1.1026e-24
5	0.01	25	5.42868	6.67788e-25
5	0.01	25	5.68987	3.98312e-25
5	0.01	25	5.96362	2.33796e-25
5	0.01	25	6.25055	1.35074e-25
5	0.01	25	6.55129	7.66218e-26
5	0.01	25	6.86649	4.26897e-26
5	0.01	25	7.19686	2.33389e-26
5	0.01	25	7.54312	1.25039e-26
5	0.01	25	7.90604	6.56023e-27
5	0.01	25	8.28643	3.36551e-27
5	0.01	25	8.68511	1.6884e-27
5	0.01	25	9.10298	8.26366e-28
5	0.01	25	9.54095	3.94228e-28
5	0.01	25	10.0	1.83222e-28
5	0.01	30	1.04811	1.79799e-19
5	0.01	30	1.09854	1.41912e-19
5	0.01	30	1.1514	1.11746e-19
5	0.01	30	1.20679	8.76822e-20
5	0.01	30	1.26486	6.85888e-20
5	0.01	30	1.32571	5.35652e-20
5	0.01	30	1.3895	4.16703e-20
5	0.01	30	1.45635	3.23113e-20
5	0.01	30	1.52642	2.49748e-20
5	0.01	30	1.59986	1.92135e-20
5	0.01	30	1.67683	1.47365e-20
5	0.01	30	1.75751	1.12536e-20
5	0.01	30	1.84207	8.55933e-21
5	0.01	30	1.9307	6.48135e-21
5	0.01	30	2.02359	4.88708e-21
5	0.01	30	2.12095	3.66648e-21
5	0.01	30	2.223	2.73557e-21
5	0.01	30	2.32995	2.03149e-21
5	0.01	30	2.44205	1.5003e-21
5	0.01	30	2.55955	1.10137e-21
5	0.01	30	2.6827	8.03682e-22
5	0.01	30	2.81177	5.82761e-22
5	0.01	30	2.94705	4.19861e-22
5	0.01	30	3.08884	3.00312e-22
5	0.01	30	3.23746	2.1325e-22
5	0.01	30	3.39322	1.50304e-22
5	0.01	30	3.55648	1.05084e-22
5	0.01	30	3.72759	7.28784e-23
5	0.01	30	3.90694	5.00835e-23
5	0.01	30	4.09492	3.41166e-23
5	0.01	30	4.29193	2.30098e-23
5	0.01	30	4.49843	1.5364e-23
5	0.01	30	4.71487	1.01495e-23
5	0.01	30	4.94171	6.63607e-24
5	0.01	30	5.17947	4.28685e-24
5	0.01	30	5.42868	2.7364e-24
5	0.01	30	5.68987	1.72516e-24
5	0.01	30	5.96362	1.07259e-24
5	0.01	30	6.25055	6.58023e-25
5	0.01	30	6.55129	3.97781e-25
5	0.01	30	6.86649	2.36963e-25
5	0.01	30	7.19686	1.38766e-25
5	0.01	30	7.54312	7.99629e-26
5	0.01	30	7.90604	4.52811e-26
5	0.01	30	8.28643	2.51691e-26
5	0.01	30	8.68511	1.37313e-26
5	0.01	30	9.10298	7.3345e-27
5	0.01	30	9.54095	3.83816e-27
5	0.01	30	10.0	1.96344e-27
5	0.10	1	1.04811	3.75622e-24
5	0.10	1	1.09854	2.82846e-24
5	0.10	1	1.1514	2.13018e-24
5	0.10	1	1.20679	1.60448e-24
5	0.10	1	1.26486	1.2087e-24
5	0.10	1	1.32571	9.10623e-25
5	0.10	1	1.3895	6.86121e-25
5	0.10	1	1.45635	5.17021e-25
5	0.10	1	1.52642	3.8962e-25
5	0.10	1	1.59986	2.93622e-25
5	0.10	1	1.67683	2.21281e-25
5	0.10	1	1.75751	1.66766e-25
5	0.10	1	1.84207	1.25677e-25
5	0.10	1	1.9307	9.471e-26
5	0.10	1	2.02359	7.13611e-26
5	0.10	1	2.12095	5.37602e-26
5	0.10	1	2.223	4.04906e-26
5	0.10	1	2.32995	3.04841e-26
5	0.10	1	2.44205	2.29396e-26
5	0.10	1	2.55955	1.72506e-26
5	0.10	1	2.6827	1.29604e-26
5	0.10	1	2.81177	9.72696e-27
5	0.10	1	2.94705	7.28898e-27
5	0.10	1	3.08884	5.45212e-27
5	0.10	1	3.23746	4.06809e-27
5	0.10	1	3.39322	3.02642e-27
5	0.10	1	3.55648	2.24296e-27
5	0.10	1	3.72759	1.65519e-27
5	0.10	1	3.90694	1.21517e-27
5	0.10	1	4.09492	8.86507e-28
5	0.10	1	4.29193	6.41826e-28
5	0.10	1	4.49843	4.60691e-28
5	0.10	1	4.71487	3.27289e-28
5	0.10	1	4.94171	2.29795e-28
5	0.10	1	5.17947	1.59166e-28
5	0.10	1	5.42868	1.08581e-28
5	0.10	1	5.68987	7.27993e-29
5	0.10	1	5.96362	4.7854e-29
5	0.10	1	6.25055	3.07667e-29
5	0.10	1	6.55129	1.92975e-29
5	0.10	1	6.86649	1.17813e-29
5	0.10	1	7.19686	6.97171e-30
5	0.10	1	7.54312	3.98883e-30
5	0.10	1	7.90604	2.19748e-30
5	0.10	1	8.28643	1.1608e-30
5	0.10	1	8.68511	5.85639e-31
5	0.10	1	9.10298	2.80748e-31
5	0.10	1	9.54095	1.27253e-31
5	0.10	1	10.0	5.42057e-32
5	0.10	5	1.04811	1.04889e-22
5	0.10	5	1.09854	6.41558e-23
5	0.10	5	1.1514	3.86933e-23
5	0.10	5	1.20679	2.30027e-23
5	0.10	5	1.26486	1.3477e-23
5	0.10	5	1.32571	7.7833e-24
5	0.10	5	1.3895	4.43589e-24
5	0.10	5	1.45635	2.50098e-24
5	0.10	5	1.52642	1.40316e-24
5	0.10	5	1.59986	7.91561e-25
5	0.10	5	1.67683	4.5686e-25
5	0.10	5	1.75751	2.75566e-25
5	0.10	5	1.84207	1.76469e-25
5	0.10	5	1.9307	1.19839e-25
5	0.10	5	2.02359	8.49822e-26
5	0.10	5	2.12095	6.18307e-26
5	0.10	5	2.223	4.55869e-26
5	0.10	5	2.32995	3.38257e-26
5	0.10	5	2.44205	2.51723e-26
5	0.10	5	2.55955	1.8757e-26
5	0.10	5	2.6827	1.39837e-26
5	0.10	5	2.81177	1.04225e-26
5	0.10	5	2.94705	7.76421e-27
5	0.10	5	3.08884	5.7772e-27
5	0.10	5	3.23746	4.29151e-27
5	0.10	5	3.39322	3.18047e-27
5	0.10	5	3.55648	2.34994e-27
5	0.10	5	3.72759	1.72949e-27
5	0.10	5	3.90694	1.26673e-27
5	0.10	5	4.09492	9.22373e-28
5	0.10	5	4.29193	6.66874e-28
5	0.10	5	4.49843	4.78107e-28
5	0.10	5	4.71487	3.39422e-28
5	0.10	5	4.94171	2.38275e-28
5	0.10	5	5.17947	1.65066e-28
5	0.10	5	5.42868	1.12647e-28
5	0.10	5	5.68987	7.55752e-29
5	0.10	5	5.96362	4.97349e-29
5	0.10	5	6.25055	3.2029e-29
5	0.10	5	6.55129	2.01297e-29
5	0.10	5	6.86649	1.23095e-29
5	0.10	5	7.19686	7.30481e-30
5	0.10	5	7.54312	4.1907e-30
5	0.10	5	7.90604	2.31631e-30
5	0.10	5	8.28643	1.2285e-30
5	0.10	5	8.68511	6.22474e-31
5	0.10	5	9.10298	2.99842e-31
5	0.10	5	9.54095	1.36608e-31
5	0.10	5	10.0	5.85141e-32
5	0.10	10	1.04811	6.27696e-21
5	0.10	10	1.09854	4.45109e-21
5	0.10	10	1.1514	3.13201e-21
5	0.10	10	1.20679	2.18638e-21
5	0.10	10	1.26486	1.51337e-21
5	0.10	10	1.32571	1.03837e-21
5	0.10	10	1.3895	7.0595e-22
5	0.10	10	1.45635	4.75301e-22
5	0.10	10	1.52642	3.16823e-22
5	0.10	10	1.59986	2.08954e-22
5	0.10	10	1.67683	1.3629e-22
5	0.10	10	1.75751	8.78734e-23
5	0.10	10	1.84207	5.59724e-23
5	0.10	10	1.9307	3.51984e-23
5	0.10	10	2.02359	2.1842e-23
5	0.10	10	2.12095	1.33661e-23
5	0.10	10	2.223	8.06004e-24
5	0.10	10	2.32995	4.78665e-24
5	0.10	10	2.44205	2.79782e-24
5	0.10	10	2.55955	1.60785e-24
5	0.10	10	2.6827	9.0793e-25
5	0.10	10	2.81177	5.03349e-25
5	0.10	10	2.94705	2.73753e-25
5	0.10	10	3.08884	1.45913e-25
5	0.10	10	3.23746	7.62057e-26
5	0.10	10	3.39322	3.8994e-26
5	0.10	10	3.55648	1.95462e-26
5	0.10	10	3.72759	9.62775e-27
5	0.10	10	3.90694	4.6986e-27
5	0.10	10	4.09492	2.31728e-27
5	0.10	10	4.29193	1.19791e-27
5	0.10	10	4.49843	6.76043e-28
5	0.10	10	4.71487	4.19816e-28
5	0.10	10	4.94171	2.77549e-28
5	0.10	10	5.17947	1.87962e-28
5	0.10	10	5.42868	1.27375e-28
5	0.10	10	5.68987	8.53915e-29
5	0.10	10	5.96362	5.63152e-29
5	0.10	10	6.25055	3.64072e-29
5	0.10	10	6.55129	2.29998e-29
5	0.10	10	6.86649	1.41591e-29
5	0.10	10	7.19686	8.46915e-30
5	0.10	10	7.54312	4.90457e-30
5	0.10	10	7.90604	2.73968e-30
5	0.10	10	8.28643	1.47122e-30
5	0.10	10	8.68511	7.56059e-31
5	0.10	10	9.10298	3.70121e-31
5	0.10	10	9.54095	1.71754e-31
5	0.10	10	10.0	7.51276e-32
5	0.10	15	1.04811	3.31446e-20
5	0.10	15	1.09854	2.47799e-20
5	0.10	15	1.1514	1.84286e-20
5	0.10	15	1.20679	1.36329e-20
5	0.10	15	1.26486	1.00267e-20
5	0.10	15	1.32571	7.33109e-21
5	0.10	15	1.3895	5.32774e-21
5	0.10	15	1.45635	3.84567e-21
5	0.10	15	1.52642	2.75742e-21
5	0.10	15	1.59986	1.9629e-21
5	0.10	15	1.67683	1.38686e-21
5	0.10	15	1.75751	9.72291e-22
5	0.10	15	1.84207	6.76065e-22
5	0.10	15	1.9307	4.66005e-22
5	0.10	15	2.02359	3.18338e-22
5	0.10	15	2.12095	2.15459e-22
5	0.10	15	2.223	1.44362e-22
5	0.10	15	2.32995	9.5738e-23
5	0.10	15	2.44205	6.28134e-23
5	0.10	15	2.55955	4.07437e-23
5	0.10	15	2.6827	2.61154e-23
5	0.10	15	2.81177	1.65318e-23
5	0.10	15	2.94705	1.03291e-23
5	0.10	15	3.08884	6.36553e-24
5	0.10	15	3.23746	3.86794e-24
5	0.10	15	3.39322	2.31518e-24
5	0.10	15	3.55648	1.36424e-24
5	0.10	15	3.72759	7.90702e-25
5	0.10	15	3.90694	4.50444e-25
5	0.10	15	4.09492	2.52022e-25
5	0.10	15	4.29193	1.38366e-25
5	0.10	15	4.49843	7.44778e-26
5	0.10	15	4.71487	3.92604e-26
5	0.10	15	4.94171	2.02537e-26
5	0.10	15	5.17947	1.02128e-26
5	0.10	15	5.42868	5.0285e-27
5	0.10	15	5.68987	2.41486e-27
5	0.10	15	5.96362	1.13076e-27
5	0.10	15	6.25055	5.15646e-28
5	0.10	15	6.55129	2.28953e-28
5	0.10	15	6.86649	9.91182e-29
5	0.10	15	7.19686	4.19646e-29
5	0.10	15	7.54312	1.75235e-29
5	0.10	15	7.90604	7.31758e-30
5	0.10	15	8.28643	3.11345e-30
5	0.10	15	8.68511	1.36607e-30
5	0.10	15	9.10298	6.14327e-31
5	0.10	15	9.54095	2.77157e-31
5	0.10	15	10.0	1.22391e-31
5	0.10	20	1.04811	8.62349e-20
5	0.10	20	1.09854	6.62254e-20
5	0.10	20	1.1514	5.06631e-20
5	0.10	20	1.20679	3.85978e-20
5	0.10	20	1.26486	2.92829e-20
5	0.10	20	1.32571	2.21162e-20
5	0.10	20	1.3895	1.66244e-20
5	0.10	20	1.45635	1.24346e-20
5	0.10	20	1.52642	9.25189e-21
5	0.10	20	1.59986	6.84768e-21
5	0.10	20	1.67683	5.03954e-21
5	0.10	20	1.75751	3.6864e-21
5	0.10	20	1.84207	2.68031e-21
5	0.10	20	1.9307	1.93596e-21
5	0.10	20	2.02359	1.38894e-21
5	0.10	20	2.12095	9.89369e-22
5	0.10	20	2.223	6.99516e-22
5	0.10	20	2.32995	4.90741e-22
5	0.10	20	2.44205	3.41453e-22
5	0.10	20	2.55955	2.35546e-22
5	0.10	20	2.6827	1.61042e-22
5	0.10	20	2.81177	1.09087e-22
5	0.10	20	2.94705	7.31471e-23
5	0.10	20	3.08884	4.85493e-23
5	0.10	20	3.23746	3.18838e-23
5	0.10	20	3.39322	2.07006e-23
5	0.10	20	3.55648	1.3283e-23
5	0.10	20	3.72759	8.41662e-24
5	0.10	20	3.90694	5.26497e-24
5	0.10	20	4.09492	3.24842e-24
5	0.10	20	4.29193	1.97591e-24
5	0.10	20	4.49843	1.18415e-24
5	0.10	20	4.71487	6.98536e-25
5	0.10	20	4.94171	4.05479e-25
5	0.10	20	5.17947	2.31272e-25
5	0.10	20	5.42868	1.29599e-25
5	0.10	20	5.68987	7.1251e-26
5	0.10	20	5.96362	3.84118e-26
5	0.10	20	6.25055	2.02815e-26
5	0.10	20	6.55129	1.04785e-26
5	0.10	20	6.86649	5.29196e-27
5	0.10	20	7.19686	2.60986e-27
5	0.10	20	7.54312	1.25555e-27
5	0.10	20	7.90604	5.88351e-28
5	0.10	20	8.28643	2.68215e-28
5	0.10	20	8.68511	1.18855e-28
5	0.10	20	9.10298	5.11076e-29
5	0.10	20	9.54095	2.12875e-29
5	0.10	20	10.0	8.57966e-30
5	0.10	25	1.04811	1.64257e-19
5	0.10	25	1.09854	1.28275e-19
5	0.10	25	1.1514	9.98062e-20
5	0.10	25	1.20679	7.74211e-20
5	0.10	25	1.26486	5.98427e-20
5	0.10	25	1.32571	4.60968e-20
5	0.10	25	1.3895	3.53634e-20
5	0.10	25	1.45635	2.70272e-20
5	0.10	25	1.52642	2.05677e-20
5	0.10	25	1.59986	1.55853e-20
5	0.10	25	1.67683	1.17562e-20
5	0.10	25	1.75751	8.82628e-21
5	0.10	25	1.84207	6.59379e-21
5	0.10	25	1.9307	4.89876e-21
5	0.10	25	2.02359	3.62024e-21
5	0.10	25	2.12095	2.66018e-21
5	0.10	25	2.223	1.94277e-21
5	0.10	25	2.32995	1.40996e-21
5	0.10	25	2.44205	1.01662e-21
5	0.10	25	2.55955	7.28082e-22
5	0.10	25	2.6827	5.17612e-22
5	0.10	25	2.81177	3.65177e-22
5	0.10	25	2.94705	2.55647e-22
5	0.10	25	3.08884	1.77463e-22
5	0.10	25	3.23746	1.22141e-22
5	0.10	25	3.39322	8.33078e-23
5	0.10	25	3.55648	5.62728e-23
5	0.10	25	3.72759	3.76289e-23
5	0.10	25	3.90694	2.49092e-23
5	0.10	25	4.09492	1.63089e-23
5	0.10	25	4.29193	1.05552e-23
5	0.10	25	4.49843	6.74916e-24
5	0.10	25	4.71487	4.26234e-24
5	0.10	25	4.94171	2.65669e-24
5	0.10	25	5.17947	1.63285e-24
5	0.10	25	5.42868	9.89239e-25
5	0.10	25	5.68987	5.90401e-25
5	0.10	25	5.96362	3.46792e-25
5	0.10	25	6.25055	2.00338e-25
5	0.10	25	6.55129	1.13755e-25
5	0.10	25	6.86649	6.3408e-26
5	0.10	25	7.19686	3.46731e-26
5	0.10	25	7.54312	1.85918e-26
5	0.10	25	7.90604	9.75908e-27
5	0.10	25	8.28643	5.01105e-27
5	0.10	25	8.68511	2.5148e-27
5	0.10	25	9.10298	1.2321e-27
5	0.10	25	9.54095	5.88465e-28
5	0.10	25	10.0	2.73694e-28
5	0.10	30	1.04811	2.64448e-19
5	0.10	30	1.09854	2.0878e-19
5	0.10	30	1.1514	1.64345e-19
5	0.10	30	1.20679	1.29022e-19
5	0.10	30	1.26486	1.00959e-19
5	0.10	30	1.32571	7.88155e-20
5	0.10	30	1.3895	6.13125e-20
5	0.10	30	1.45635	4.75272e-20
5	0.10	30	1.52642	3.67276e-20
5	0.10	30	1.59986	2.82749e-20
5	0.10	30	1.67683	2.16834e-20
5	0.10	30	1.75751	1.65619e-20
5	0.10	30	1.84207	1.25973e-20
5	0.10	30	1.9307	9.53978e-21
5	0.10	30	2.02359	7.19131e-21
5	0.10	30	2.12095	5.39575e-21
5	0.10	30	2.223	4.02776e-21
5	0.10	30	2.32995	2.99033e-21
5	0.10	30	2.44205	2.2087e-21
5	0.10	30	2.55955	1.62145e-21
5	0.10	30	2.6827	1.18337e-21
5	0.10	30	2.81177	8.58241e-22
5	0.10	30	2.94705	6.18229e-22
5	0.10	30	3.08884	4.42355e-22
5	0.10	30	3.23746	3.14173e-22
5	0.10	30	3.39322	2.21459e-22
5	0.10	30	3.55648	1.54845e-22
5	0.10	30	3.72759	1.07353e-22
5	0.10	30	3.90694	7.38202e-23
5	0.10	30	4.09492	5.02856e-23
5	0.10	30	4.29193	3.39232e-23
5	0.10	30	4.49843	2.26567e-23
5	0.10	30	4.71487	1.49777e-23
5	0.10	30	4.94171	9.78965e-24
5	0.10	30	5.17947	6.32711e-24
5	0.10	30	5.42868	4.03939e-24
5	0.10	30	5.68987	2.54603e-24
5	0.10	30	5.96362	1.58425e-24
5	0.10	30	6.25055	9.72067e-25
5	0.10	30	6.55129	5.87737e-25
5	0.10	30	6.86649	3.50067e-25
5	0.10	30	7.19686	2.05207e-25
5	0.10	30	7.54312	1.18279e-25
5	0.10	30	7.90604	6.6994e-26
5	0.10	30	8.28643	3.72482e-26
5	0.10	30	8.68511	2.03195e-26
5	0.10	30	9.10298	1.08642e-26
5	0.10	30	9.54095	5.68749e-27
5	0.10	30	10.0	2.91132e-27
5	1.00	1	1.04811	8.09694e-23
5	1.00	1	1.09854	6.09653e-23
5	1.00	1	1.1514	4.59119e-23
5	1.00	1	1.20679	3.45802e-23
5	1.00	1	1.26486	2.60491e-23
5	1.00	1	1.32571	1.96253e-23
5	1.00	1	1.3895	1.47872e-23
5	1.00	1	1.45635	1.1143e-23
5	1.00	1	1.52642	8.3977e-24
5	1.00	1	1.59986	6.32921e-24
5	1.00	1	1.67683	4.77068e-24
5	1.00	1	1.75751	3.59604e-24
5	1.00	1	1.84207	2.7108e-24
5	1.00	1	1.9307	2.04364e-24
5	1.00	1	2.02359	1.54078e-24
5	1.00	1	2.12095	1.16168e-24
5	1.00	1	2.223	8.75904e-25
5	1.00	1	2.32995	6.60449e-25
5	1.00	1	2.44205	4.9801e-25
5	1.00	1	2.55955	3.75529e-25
5	1.00	1	2.6827	2.83179e-25
5	1.00	1	2.81177	2.13542e-25
5	1.00	1	2.94705	1.61028e-25
5	1.00	1	3.08884	1.21438e-25
5	1.00	1	3.23746	9.15788e-26
5	1.00	1	3.39322	6.90576e-26
5	1.00	1	3.55648	5.20753e-26
5	1.00	1	3.72759	3.92681e-26
5	1.00	1	3.90694	2.96079e-26
5	1.00	1	4.09492	2.23208e-26
5	1.00	1	4.29193	1.68268e-26
5	1.00	1	4.49843	1.26817e-26
5	1.00	1	4.71487	9.55538e-27
5	1.00	1	4.94171	7.1972e-27
5	1.00	1	5.17947	5.41832e-27
5	1.00	1	5.42868	4.07673e-27
5	1.00	1	5.68987	3.06438e-27
5	1.00	1	5.96362	2.30127e-27
5	1.00	1	6.25055	1.72576e-27
5	1.00	1	6.55129	1.29189e-27
5	1.00	1	6.86649	9.64891e-28
5	1.00	1	7.19686	7.18709e-28
5	1.00	1	7.54312	5.33404e-28
5	1.00	1	7.90604	3.9429e-28
5	1.00	1	8.28643	2.90045e-28
5	1.00	1	8.68511	2.12058e-28
5	1.00	1	9.10298	1.53956e-28
5	1.00	1	9.54095	1.10828e-28
5	1.00	1	10.0	7.90228e-29
5	1.00	5	1.04811	3.62427e-22
5	1.00	5	1.09854	2.35039e-22
5	1.00	5	1.1514	1.5188e-22
5	1.00	5	1.20679	9.80611e-23
5	1.00	5	1.26486	6.34965e-23
5	1.00	5	1.32571	4.14232e-23
5	1.00	5	1.3895	2.73601e-23
5	1.00	5	1.45635	1.83754e-23
5	1.00	5	1.52642	1.25815e-23
5	1.00	5	1.59986	8.7845e-24
5	1.00	5	1.67683	6.24257e-24
5	1.00	5	1.75751	4.50059e-24
5	1.00	5	1.84207	3.28011e-24
5	1.00	5	1.9307	2.40943e-24
5	1.00	5	2.02359	1.77963e-24
5	1.00	5	2.12095	1.31954e-24
5	1.00	5	2.223	9.81126e-25
5	1.00	5	2.32995	7.31027e-25
5	1.00	5	2.44205	5.45526e-25
5	1.00	5	2.55955	4.07635e-25
5	1.00	5	2.6827	3.04923e-25
5	1.00	5	2.81177	2.28292e-25
5	1.00	5	2.94705	1.71056e-25
5	1.00	5	3.08884	1.28254e-25
5	1.00	5	3.23746	9.6219e-26
5	1.00	5	3.39322	7.22235e-26
5	1.00	5	3.55648	5.42351e-26
5	1.00	5	3.72759	4.07418e-26
5	1.00	5	3.90694	3.0615e-26
5	1.00	5	4.09492	2.30103e-26
5	1.00	5	4.29193	1.72974e-26
5	1.00	5	4.49843	1.30038e-26
5	1.00	5	4.71487	9.77592e-27
5	1.00	5	4.94171	7.34808e-27
5	1.00	5	5.17947	5.52164e-27
5	1.00	5	5.42868	4.14782e-27
5	1.00	5	5.68987	3.1134e-27
5	1.00	5	5.96362	2.33483e-27
5	1.00	5	6.25055	1.74894e-27
5	1.00	5	6.55129	1.30788e-27
5	1.00	5	6.86649	9.75988e-28
5	1.00	5	7.19686	7.26353e-28
5	1.00	5	7.54312	5.38755e-28
5	1.00	5	7.90604	3.98011e-28
5	1.00	5	8.28643	2.92631e-28
5	1.00	5	8.68511	2.1386e-28
5	1.00	5	9.10298	1.55208e-28
5	1.00	5	9.54095	1.11722e-28
5	1.00	5	10.0	7.96375e-29
5	1.00	10	1.04811	1.05453e-20
5	1.00	10	1.09854	7.5122e-21
5	1.00	10	1.1514	5.31226e-21
5	1.00	10	1.20679	3.72779e-21
5	1.00	10	1.26486	2.5948e-21
5	1.00	10	1.32571	1.79107e-21
5	1.00	10	1.3895	1.22538e-21
5	1.00	10	1.45635	8.30654e-22
5	1.00	10	1.52642	5.57654e-22
5	1.00	10	1.59986	3.7063e-22
5	1.00	10	1.67683	2.43735e-22
5	1.00	10	1.75751	1.58531e-22
5	1.00	10	1.84207	1.01933e-22
5	1.00	10	1.9307	6.47554e-23
5	1.00	10	2.02359	4.06292e-23
5	1.00	10	2.12095	2.51612e-23
5	1.00	10	2.223	1.53755e-23
5	1.00	10	2.32995	9.26709e-24
5	1.00	10	2.44205	5.50796e-24
5	1.00	10	2.55955	3.22919e-24
5	1.00	10	2.6827	1.86924e-24
5	1.00	10	2.81177	1.07051e-24
5	1.00	10	2.94705	6.09518e-25
5	1.00	10	3.08884	3.47983e-25
5	1.00	10	3.23746	2.02097e-25
5	1.00	10	3.39322	1.21631e-25
5	1.00	10	3.55648	7.71209e-26
5	1.00	10	3.72759	5.16994e-26
5	1.00	10	3.90694	3.62646e-26
5	1.00	10	4.09492	2.61951e-26
5	1.00	10	4.29193	1.92357e-26
5	1.00	10	4.49843	1.4244e-26
5	1.00	10	4.71487	1.0592e-26
5	1.00	10	4.94171	7.89404e-27
5	1.00	10	5.17947	5.88929e-27
5	1.00	10	5.42868	4.3964e-27
5	1.00	10	5.68987	3.28221e-27
5	1.00	10	5.96362	2.4498e-27
5	1.00	10	6.25055	1.8273e-27
5	1.00	10	6.55129	1.36142e-27
5	1.00	10	6.86649	1.01273e-27
5	1.00	10	7.19686	7.51668e-28
5	1.00	10	7.54312	5.56269e-28
5	1.00	10	7.90604	4.10193e-28
5	1.00	10	8.28643	3.01059e-28
5	1.00	10	8.68511	2.19731e-28
5	1.00	10	9.10298	1.59296e-28
5	1.00	10	9.54095	1.14572e-28
5	1.00	10	10.0	8.16374e-29
5	1.00	15	1.04811	5.10694e-20
5	1.00	15	1.09854	3.82275e-20
5	1.00	15	1.1514	2.84702e-20
5	1.00	15	1.20679	2.1089e-20
5	1.00	15	1.26486	1.5535e-20
5	1.00	15	1.32571	1.13771e-20
5	1.00	15	1.3895	8.28096e-21
5	1.00	15	1.45635	5.98884e-21
5	1.00	15	1.52642	4.30224e-21
5	1.00	15	1.59986	3.069e-21
5	1.00	15	1.67683	2.17322e-21
5	1.00	15	1.75751	1.52706e-21
5	1.00	15	1.84207	1.06441e-21
5	1.00	15	1.9307	7.35666e-22
5	1.00	15	2.02359	5.03963e-22
5	1.00	15	2.12095	3.42092e-22
5	1.00	15	2.223	2.29961e-22
5	1.00	15	2.32995	1.5302e-22
5	1.00	15	2.44205	1.00747e-22
5	1.00	15	2.55955	6.55995e-23
5	1.00	15	2.6827	4.22164e-23
5	1.00	15	2.81177	2.6841e-23
5	1.00	15	2.94705	1.6848e-23
5	1.00	15	3.08884	1.04351e-23
5	1.00	15	3.23746	6.37338e-24
5	1.00	15	3.39322	3.83611e-24
5	1.00	15	3.55648	2.27417e-24
5	1.00	15	3.72759	1.32675e-24
5	1.00	15	3.90694	7.61321e-25
5	1.00	15	4.09492	4.29484e-25
5	1.00	15	4.29193	2.3807e-25
5	1.00	15	4.49843	1.29682e-25
5	1.00	15	4.71487	6.94882e-26
5	1.00	15	4.94171	3.6747e-26
5	1.00	15	5.17947	1.93289e-26
5	1.00	15	5.42868	1.02825e-26
5	1.00	15	5.68987	5.69697e-27
5	1.00	15	5.96362	3.39562e-27
5	1.00	15	6.25055	2.20481e-27
5	1.00	15	6.55129	1.52939e-27
5	1.00	15	6.86649	1.10031e-27
5	1.00	15	7.19686	8.04018e-28
5	1.00	15	7.54312	5.90064e-28
5	1.00	15	7.90604	4.32837e-28
5	1.00	15	8.28643	3.16505e-28
5	1.00	15	8.68511	2.30361e-28
5	1.00	15	9.10298	1.66648e-28
5	1.00	15	9.54095	1.19669e-28
5	1.00	15	10.0	8.5169e-29
5	1.00	20	1.04811	1.29669e-19
5	1.00	20	1.09854	9.96411e-20
5	1.00	20	1.1514	7.62671e-20
5	1.00	20	1.20679	5.81396e-20
5	1.00	20	1.26486	4.41297e-20
5	1.00	20	1.32571	3.33501e-20
5	1.00	20	1.3895	2.50843e-20
5	1.00	20	1.45635	1.87754e-20
5	1.00	20	1.52642	1.3981e-20
5	1.00	20	1.59986	1.03555e-20
5	1.00	20	1.67683	7.62733e-21
5	1.00	20	1.75751	5.58493e-21
5	1.00	20	1.84207	4.06454e-21
5	1.00	20	1.9307	2.93894e-21
5	1.00	20	2.02359	2.11077e-21
5	1.00	20	2.12095	1.50532e-21
5	1.00	20	2.223	1.06559e-21
5	1.00	20	2.32995	7.48553e-22
5	1.00	20	2.44205	5.21566e-22
5	1.00	20	2.55955	3.60351e-22
5	1.00	20	2.6827	2.46748e-22
5	1.00	20	2.81177	1.67404e-22
5	1.00	20	2.94705	1.12472e-22
5	1.00	20	3.08884	7.47965e-23
5	1.00	20	3.23746	4.92147e-23
5	1.00	20	3.39322	3.20235e-23
5	1.00	20	3.55648	2.0593e-23
5	1.00	20	3.72759	1.30815e-23
5	1.00	20	3.90694	8.20312e-24
5	1.00	20	4.09492	5.07563e-24
5	1.00	20	4.29193	3.09627e-24
5	1.00	20	4.49843	1.86122e-24
5	1.00	20	4.71487	1.1017e-24
5	1.00	20	4.94171	6.41654e-25
5	1.00	20	5.17947	3.67417e-25
5	1.00	20	5.42868	2.06673e-25
5	1.00	20	5.68987	1.14147e-25
5	1.00	20	5.96362	6.18397e-26
5	1.00	20	6.25055	3.28458e-26
5	1.00	20	6.55129	1.70992e-26
5	1.00	20	6.86649	8.72724e-27
5	1.00	20	7.19686	4.37742e-27
5	1.00	20	7.54312	2.17306e-27
5	1.00	20	7.90604	1.08604e-27
5	1.00	20	8.28643	5.64736e-28
5	1.00	20	8.68511	3.18709e-28
5	1.00	20	9.10298	1.98415e-28
5	1.00	20	9.54095	1.32792e-28
5	1.00	20	10.0	9.18538e-29
5	1.00	25	1.04811	2.44678e-19
5	1.00	25	1.09854	1.91043e-19
5	1.00	25	1.1514	1.48709e-19
5	1.00	25	1.20679	1.15383e-19
5	1.00	25	1.26486	8.92082e-20
5	1.00	25	1.32571	6.87294e-20
5	1.00	25	1.3895	5.27504e-20
5	1.00	25	1.45635	4.03264e-20
5	1.00	25	1.52642	3.06977e-20
5	1.00	25	1.59986	2.32709e-20
5	1.00	25	1.67683	1.75593e-20
5	1.00	25	1.75751	1.31881e-20
5	1.00	25	1.84207	9.85608e-21
5	1.00	25	1.9307	7.32667e-21
5	1.00	25	2.02359	5.41738e-21
5	1.00	25	2.12095	3.98274e-21
5	1.00	25	2.223	2.91074e-21
5	1.00	25	2.32995	2.11391e-21
5	1.00	25	2.44205	1.52522e-21
5	1.00	25	2.55955	1.09293e-21
5	1.00	25	2.6827	7.77637e-22
5	1.00	25	2.81177	5.49129e-22
5	1.00	25	2.94705	3.84721e-22
5	1.00	25	3.08884	2.67329e-22
5	1.00	25	3.23746	1.84148e-22
5	1.00	25	3.39322	1.25725e-22
5	1.00	25	3.55648	8.5029e-23
5	1.00	25	3.72759	5.69341e-23
5	1.00	25	3.90694	3.77293e-23
5	1.00	25	4.09492	2.47335e-23
5	1.00	25	4.29193	1.60317e-23
5	1.00	25	4.49843	1.02666e-23
5	1.00	25	4.71487	6.49415e-24
5	1.00	25	4.94171	4.05393e-24
5	1.00	25	5.17947	2.4963e-24
5	1.00	25	5.42868	1.5153e-24
5	1.00	25	5.68987	9.06068e-25
5	1.00	25	5.96362	5.33381e-25
5	1.00	25	6.25055	3.08841e-25
5	1.00	25	6.55129	1.75756e-25
5	1.00	25	6.86649	9.82263e-26
5	1.00	25	7.19686	5.38693e-26
5	1.00	25	7.54312	2.89674e-26
5	1.00	25	7.90604	1.52523e-26
5	1.00	25	8.28643	7.86104e-27
5	1.00	25	8.68511	3.96563e-27
5	1.00	25	9.10298	1.95521e-27
5	1.00	25	9.54095	9.43041e-28
5	1.00	25	10.0	4.4684e-28
5	1.00	30	1.04811	3.91983e-19
5	1.00	30	1.09854	3.09432e-19
5	1.00	30	1.1514	2.43629e-19
5	1.00	30	1.20679	1.91281e-19
5	1.00	30	1.26486	1.49733e-19
5	1.00	30	1.32571	1.16871e-19
5	1.00	30	1.3895	9.09334e-20
5	1.00	30	1.45635	7.05176e-20
5	1.00	30	1.52642	5.44921e-20
5	1.00	30	1.59986	4.19611e-20
5	1.00	30	1.67683	3.21868e-20
5	1.00	30	1.75751	2.45871e-20
5	1.00	30	1.84207	1.87084e-20
5	1.00	30	1.9307	1.41714e-20
5	1.00	30	2.02359	1.06863e-20
5	1.00	30	2.12095	8.0193e-21
5	1.00	30	2.223	5.98812e-21
5	1.00	30	2.32995	4.448e-21
5	1.00	30	2.44205	3.28582e-21
5	1.00	30	2.55955	2.41332e-21
5	1.00	30	2.6827	1.76209e-21
5	1.00	30	2.81177	1.27851e-21
5	1.00	30	2.94705	9.21497e-22
5	1.00	30	3.08884	6.59542e-22
5	1.00	30	3.23746	4.68716e-22
5	1.00	30	3.39322	3.30588e-22
5	1.00	30	3.55648	2.31295e-22
5	1.00	30	3.72759	1.60503e-22
5	1.00	30	3.90694	1.10404e-22
5	1.00	30	4.09492	7.52584e-23
5	1.00	30	4.29193	5.08133e-23
5	1.00	30	4.49843	3.39688e-23
5	1.00	30	4.71487	2.24704e-23
5	1.00	30	4.94171	1.47045e-23
5	1.00	30	5.17947	9.51121e-24
5	1.00	30	5.42868	6.07932e-24
5	1.00	30	5.68987	3.83679e-24
5	1.00	30	5.96362	2.38965e-24
5	1.00	30	6.25055	1.46798e-24
5	1.00	30	6.55129	8.88869e-25
5	1.00	30	6.86649	5.30119e-25
5	1.00	30	7.19686	3.11188e-25
5	1.00	30	7.54312	1.79654e-25
5	1.00	30	7.90604	1.01925e-25
5	1.00	30	8.28643	5.67868e-26
5	1.00	30	8.68511	3.10352e-26
5	1.00	30	9.10298	1.66265e-26
5	1.00	30	9.54095	8.72193e-27
5	1.00	30	10.0	4.47571e-27