Energy loss[m^2/s^3]	U[m/s]	r0[m]	Noise[Hz^-1/2]
0.01	1	1.08311	1.58751e-26
0.01	1	1.17313	1.42191e-26
0.01	1	1.27063	1.28284e-26
0.01	1	1.37623	1.16241e-26
0.01	1	1.49061	1.05671e-26
0.01	1	1.6145	9.63057e-27
0.01	1	1.74868	8.79505e-27
0.01	1	1.89401	8.04601e-27
0.01	1	2.05143	7.37124e-27
0.01	1	2.22192	6.76094e-27
0.01	1	2.40659	6.20766e-27
0.01	1	2.6066	5.70407e-27
0.01	1	2.82324	5.24554e-27
0.01	1	3.05788	4.82654e-27
0.01	1	3.31202	4.44347e-27
0.01	1	3.58728	4.09234e-27
0.01	1	3.88543	3.7707e-27
0.01	1	4.20835	3.47413e-27
0.01	1	4.5581	3.20267e-27
0.01	1	4.93693	2.95314e-27
0.01	1	5.34724	2.72342e-27
0.01	1	5.79166	2.51148e-27
0.01	1	6.27301	2.31739e-27
0.01	1	6.79436	2.13747e-27
0.01	1	7.35904	1.97304e-27
0.01	1	7.97066	1.82028e-27
0.01	1	8.63311	1.67891e-27
0.01	1	9.35061	1.55071e-27
0.01	1	10.1277	1.43099e-27
0.01	1	10.9695	1.32035e-27
0.01	1	11.8812	1.21837e-27
0.01	1	12.8686	1.12568e-27
0.01	1	13.9381	1.03833e-27
0.01	1	15.0965	9.59175e-28
0.01	1	16.3512	8.82182e-28
0.01	1	17.7102	8.16439e-28
0.01	1	19.1821	7.53038e-28
0.01	1	20.7763	6.9175e-28
0.01	1	22.5031	6.42873e-28
0.01	1	24.3733	5.87234e-28
0.01	1	26.399	5.46466e-28
0.01	1	28.593	5.03462e-28
0.01	1	30.9694	4.62833e-28
0.01	1	33.5433	4.31056e-28
0.01	1	36.3311	3.97122e-28
0.01	1	39.3506	3.63997e-28
0.01	1	42.6211	3.37662e-28
0.01	1	46.1633	3.1253e-28
0.01	1	50.0	2.86307e-28
0.01	5	1.08311	2.51431e-22
0.01	5	1.17313	1.98694e-22
0.01	5	1.27063	1.54065e-22
0.01	5	1.37623	1.17035e-22
0.01	5	1.49061	8.69388e-23
0.01	5	1.6145	6.30648e-23
0.01	5	1.74868	4.45672e-23
0.01	5	1.89401	3.06273e-23
0.01	5	2.05143	2.04194e-23
0.01	5	2.22192	1.31744e-23
0.01	5	2.40659	8.20466e-24
0.01	5	2.6066	4.91785e-24
0.01	5	2.82324	2.82811e-24
0.01	5	3.05788	1.55548e-24
0.01	5	3.31202	8.15163e-25
0.01	5	3.58728	4.05421e-25
0.01	5	3.88543	1.90636e-25
0.01	5	4.20835	8.44145e-26
0.01	5	4.5581	3.51445e-26
0.01	5	4.93693	1.39437e-26
0.01	5	5.34724	5.78936e-27
0.01	5	5.79166	3.29457e-27
0.01	5	6.27301	2.64958e-27
0.01	5	6.79436	2.36433e-27
0.01	5	7.35904	2.1454e-27
0.01	5	7.97066	1.95408e-27
0.01	5	8.63311	1.78383e-27
0.01	5	9.35061	1.63153e-27
0.01	5	10.1277	1.49438e-27
0.01	5	10.9695	1.37036e-27
0.01	5	11.8812	1.25796e-27
0.01	5	12.8686	1.15505e-27
0.01	5	13.9381	1.06255e-27
0.01	5	15.0965	9.77681e-28
0.01	5	16.3512	8.99976e-28
0.01	5	17.7102	8.27788e-28
0.01	5	19.1821	7.63233e-28
0.01	5	20.7763	6.99255e-28
0.01	5	22.5031	6.46997e-28
0.01	5	24.3733	5.95889e-28
0.01	5	26.399	5.49247e-28
0.01	5	28.593	5.06427e-28
0.01	5	30.9694	4.68788e-28
0.01	5	33.5433	4.29409e-28
0.01	5	36.3311	3.96706e-28
0.01	5	39.3506	3.68186e-28
0.01	5	42.6211	3.36604e-28
0.01	5	46.1633	3.13536e-28
0.01	5	50.0	2.89186e-28
0.01	10	1.08311	2.63947e-21
0.01	10	1.17313	2.34044e-21
0.01	10	1.27063	2.05526e-21
0.01	10	1.37623	1.78608e-21
0.01	10	1.49061	1.53448e-21
0.01	10	1.6145	1.30243e-21
0.01	10	1.74868	1.09075e-21
0.01	10	1.89401	9.00459e-22
0.01	10	2.05143	7.32007e-22
0.01	10	2.22192	5.85175e-22
0.01	10	2.40659	4.59306e-22
0.01	10	2.6066	3.53621e-22
0.01	10	2.82324	2.66501e-22
0.01	10	3.05788	1.9629e-22
0.01	10	3.31202	1.41045e-22
0.01	10	3.58728	9.86904e-23
0.01	10	3.88543	6.70733e-23
0.01	10	4.20835	4.41746e-23
0.01	10	4.5581	2.81283e-23
0.01	10	4.93693	1.72661e-23
0.01	10	5.34724	1.01872e-23
0.01	10	5.79166	5.7578e-24
0.01	10	6.27301	3.10733e-24
0.01	10	6.79436	1.59494e-24
0.01	10	7.35904	7.75412e-25
0.01	10	7.97066	3.5546e-25
0.01	10	8.63311	1.52949e-25
0.01	10	9.35061	6.14464e-26
0.01	10	10.1277	2.29446e-26
0.01	10	10.9695	8.03411e-27
0.01	10	11.8812	2.85373e-27
0.01	10	12.8686	1.45051e-27
0.01	10	13.9381	1.15941e-27
0.01	10	15.0965	1.04183e-27
0.01	10	16.3512	9.48013e-28
0.01	10	17.7102	8.66574e-28
0.01	10	19.1821	7.91661e-28
0.01	10	20.7763	7.26742e-28
0.01	10	22.5031	6.6619e-28
0.01	10	24.3733	6.10472e-28
0.01	10	26.399	5.60459e-28
0.01	10	28.593	5.17196e-28
0.01	10	30.9694	4.67641e-28
0.01	10	33.5433	4.36744e-28
0.01	10	36.3311	4.00706e-28
0.01	10	39.3506	3.71327e-28
0.01	10	42.6211	3.40983e-28
0.01	10	46.1633	3.15102e-28
0.01	10	50.0	2.89706e-28
0.01	15	1.08311	7.35234e-21
0.01	15	1.17313	6.78009e-21
0.01	15	1.27063	6.21182e-21
0.01	15	1.37623	5.65157e-21
0.01	15	1.49061	5.10241e-21
0.01	15	1.6145	4.56861e-21
0.01	15	1.74868	4.05422e-21
0.01	15	1.89401	3.56245e-21
0.01	15	2.05143	3.09867e-21
0.01	15	2.22192	2.66438e-21
0.01	15	2.40659	2.26321e-21
0.01	15	2.6066	1.89754e-21
0.01	15	2.82324	1.56805e-21
0.01	15	3.05788	1.27628e-21
0.01	15	3.31202	1.02134e-21
0.01	15	3.58728	8.0285e-22
0.01	15	3.88543	6.18874e-22
0.01	15	4.20835	4.67073e-22
0.01	15	4.5581	3.4456e-22
0.01	15	4.93693	2.48021e-22
0.01	15	5.34724	1.73795e-22
0.01	15	5.79166	1.18354e-22
0.01	15	6.27301	7.81157e-23
0.01	15	6.79436	4.98469e-23
0.01	15	7.35904	3.06694e-23
0.01	15	7.97066	1.81385e-23
0.01	15	8.63311	1.02794e-23
0.01	15	9.35061	5.56143e-24
0.01	15	10.1277	2.86238e-24
0.01	15	10.9695	1.39586e-24
0.01	15	11.8812	6.41927e-25
0.01	15	12.8686	2.77026e-25
0.01	15	13.9381	1.11657e-25
0.01	15	15.0965	4.17903e-26
0.01	15	16.3512	1.44331e-26
0.01	15	17.7102	4.65586e-27
0.01	15	19.1821	1.56595e-27
0.01	15	20.7763	8.41876e-28
0.01	15	22.5031	7.03571e-28
0.01	15	24.3733	6.37296e-28
0.01	15	26.399	5.8142e-28
0.01	15	28.593	5.3198e-28
0.01	15	30.9694	4.86069e-28
0.01	15	33.5433	4.45532e-28
0.01	15	36.3311	4.08999e-28
0.01	15	39.3506	3.7721e-28
0.01	15	42.6211	3.46948e-28
0.01	15	46.1633	3.19286e-28
0.01	15	50.0	2.93526e-28
0.01	20	1.08311	1.37735e-20
0.01	20	1.17313	1.29555e-20
0.01	20	1.27063	1.21274e-20
0.01	20	1.37623	1.12939e-20
0.01	20	1.49061	1.04554e-20
0.01	20	1.6145	9.61559e-21
0.01	20	1.74868	8.7849e-21
0.01	20	1.89401	7.97052e-21
0.01	20	2.05143	7.17087e-21
0.01	20	2.22192	6.39983e-21
0.01	20	2.40659	5.65677e-21
0.01	20	2.6066	4.95143e-21
0.01	20	2.82324	4.28708e-21
0.01	20	3.05788	3.6684e-21
0.01	20	3.31202	3.10094e-21
0.01	20	3.58728	2.58416e-21
0.01	20	3.88543	2.12312e-21
0.01	20	4.20835	1.71646e-21
0.01	20	4.5581	1.36404e-21
0.01	20	4.93693	1.06419e-21
0.01	20	5.34724	8.13594e-22
0.01	20	5.79166	6.0845e-22
0.01	20	6.27301	4.44631e-22
0.01	20	6.79436	3.16668e-22
0.01	20	7.35904	2.1938e-22
0.01	20	7.97066	1.47578e-22
0.01	20	8.63311	9.61007e-23
0.01	20	9.35061	6.04574e-23
0.01	20	10.1277	3.66165e-23
0.01	20	10.9695	2.12917e-23
0.01	20	11.8812	1.18457e-23
0.01	20	12.8686	6.28409e-24
0.01	20	13.9381	3.16626e-24
0.01	20	15.0965	1.50786e-24
0.01	20	16.3512	6.76082e-25
0.01	20	17.7102	2.83879e-25
0.01	20	19.1821	1.11082e-25
0.01	20	20.7763	4.02424e-26
0.01	20	22.5031	1.34211e-26
0.01	20	24.3733	4.09019e-27
0.01	20	26.399	1.28432e-27
0.01	20	28.593	6.22231e-28
0.01	20	30.9694	5.09027e-28
0.01	20	33.5433	4.60823e-28
0.01	20	36.3311	4.20542e-28
0.01	20	39.3506	3.82687e-28
0.01	20	42.6211	3.51477e-28
0.01	20	46.1633	3.24111e-28
0.01	20	50.0	2.97525e-28
0.01	25	1.08311	2.14838e-20
0.01	25	1.17313	2.04568e-20
0.01	25	1.27063	1.93988e-20
0.01	25	1.37623	1.8319e-20
0.01	25	1.49061	1.72164e-20
0.01	25	1.6145	1.60985e-20
0.01	25	1.74868	1.49713e-20
0.01	25	1.89401	1.38403e-20
0.01	25	2.05143	1.2714e-20
0.01	25	2.22192	1.15987e-20
0.01	25	2.40659	1.05061e-20
0.01	25	2.6066	9.43718e-21
0.01	25	2.82324	8.40469e-21
0.01	25	3.05788	7.41754e-21
0.01	25	3.31202	6.47548e-21
0.01	25	3.58728	5.59357e-21
0.01	25	3.88543	4.77543e-21
0.01	25	4.20835	4.02465e-21
0.01	25	4.5581	3.34533e-21
0.01	25	4.93693	2.73993e-21
0.01	25	5.34724	2.20705e-21
0.01	25	5.79166	1.7475e-21
0.01	25	6.27301	1.35759e-21
0.01	25	6.79436	1.03298e-21
0.01	25	7.35904	7.68952e-22
0.01	25	7.97066	5.58916e-22
0.01	25	8.63311	3.96057e-22
0.01	25	9.35061	2.72762e-22
0.01	25	10.1277	1.82267e-22
0.01	25	10.9695	1.17864e-22
0.01	25	11.8812	7.35799e-23
0.01	25	12.8686	4.41893e-23
0.01	25	13.9381	2.54699e-23
0.01	25	15.0965	1.40355e-23
0.01	25	16.3512	7.36626e-24
0.01	25	17.7102	3.66918e-24
0.01	25	19.1821	1.72595e-24
0.01	25	20.7763	7.6355e-25
0.01	25	22.5031	3.1599e-25
0.01	25	24.3733	1.21642e-25
0.01	25	26.399	4.3334e-26
0.01	25	28.593	1.41764e-26
0.01	25	30.9694	4.23513e-27
0.01	25	33.5433	1.2389e-27
0.01	25	36.3311	5.16166e-28
0.01	25	39.3506	4.00968e-28
0.01	25	42.6211	3.61766e-28
0.01	25	46.1633	3.29712e-28
0.01	25	50.0	3.02485e-28
0.01	30	1.08311	3.02385e-20
0.01	30	1.17313	2.90175e-20
0.01	30	1.27063	2.77637e-20
0.01	30	1.37623	2.64639e-20
0.01	30	1.49061	2.51237e-20
0.01	30	1.6145	2.37555e-20
0.01	30	1.74868	2.23596e-20
0.01	30	1.89401	2.09387e-20
0.01	30	2.05143	1.95053e-20
0.01	30	2.22192	1.8059e-20
0.01	30	2.40659	1.66216e-20
0.01	30	2.6066	1.51954e-20
0.01	30	2.82324	1.37913e-20
0.01	30	3.05788	1.24143e-20
0.01	30	3.31202	1.10842e-20
0.01	30	3.58728	9.80681e-21
0.01	30	3.88543	8.59108e-21
0.01	30	4.20835	7.44336e-21
0.01	30	4.5581	6.37718e-21
0.01	30	4.93693	5.3938e-21
0.01	30	5.34724	4.50163e-21
0.01	30	5.79166	3.70211e-21
0.01	30	6.27301	2.99677e-21
0.01	30	6.79436	2.38462e-21
0.01	30	7.35904	1.863e-21
0.01	30	7.97066	1.42619e-21
0.01	30	8.63311	1.06884e-21
0.01	30	9.35061	7.82209e-22
0.01	30	10.1277	5.5801e-22
0.01	30	10.9695	3.87548e-22
0.01	30	11.8812	2.61254e-22
0.01	30	12.8686	1.70542e-22
0.01	30	13.9381	1.07568e-22
0.01	30	15.0965	6.53437e-23
0.01	30	16.3512	3.8108e-23
0.01	30	17.7102	2.1275e-23
0.01	30	19.1821	1.1324e-23
0.01	30	20.7763	5.72471e-24
0.01	30	22.5031	2.73785e-24
0.01	30	24.3733	1.23296e-24
0.01	30	26.399	5.20125e-25
0.01	30	28.593	2.04409e-25
0.01	30	30.9694	7.44512e-26
0.01	30	33.5433	2.49551e-26
0.01	30	36.3311	7.65128e-27
0.01	30	39.3506	2.12848e-27
0.01	30	42.6211	5.73479e-28
0.01	30	46.1633	3.57724e-28
0.01	30	50.0	3.08323e-28
0.10	1	1.08311	3.98863e-25
0.10	1	1.17313	3.60405e-25
0.10	1	1.27063	3.27091e-25
0.10	1	1.37623	2.97797e-25
0.10	1	1.49061	2.71791e-25
0.10	1	1.6145	2.48538e-25
0.10	1	1.74868	2.27633e-25
0.10	1	1.89401	2.08759e-25
0.10	1	2.05143	1.91648e-25
0.10	1	2.22192	1.76104e-25
0.10	1	2.40659	1.61935e-25
0.10	1	2.6066	1.49e-25
0.10	1	2.82324	1.37174e-25
0.10	1	3.05788	1.26332e-25
0.10	1	3.31202	1.16396e-25
0.10	1	3.58728	1.07274e-25
0.10	1	3.88543	9.88905e-26
0.10	1	4.20835	9.11883e-26
0.10	1	4.5581	8.40981e-26
0.10	1	4.93693	7.75742e-26
0.10	1	5.34724	7.1564e-26
0.10	1	5.79166	6.60279e-26
0.10	1	6.27301	6.09228e-26
0.10	1	6.79436	5.62241e-26
0.10	1	7.35904	5.18885e-26
0.10	1	7.97066	4.78887e-26
0.10	1	8.63311	4.41999e-26
0.10	1	9.35061	4.07978e-26
0.10	1	10.1277	3.76602e-26
0.10	1	10.9695	3.47553e-26
0.10	1	11.8812	3.20838e-26
0.10	1	12.8686	2.96147e-26
0.10	1	13.9381	2.73396e-26
0.10	1	15.0965	2.52398e-26
0.10	1	16.3512	2.32986e-26
0.10	1	17.7102	2.15109e-26
0.10	1	19.1821	1.98612e-26
0.10	1	20.7763	1.83322e-26
0.10	1	22.5031	1.69271e-26
0.10	1	24.3733	1.5625e-26
0.10	1	26.399	1.44233e-26
0.10	1	28.593	1.33184e-26
0.10	1	30.9694	1.229e-26
0.10	1	33.5433	1.13502e-26
0.10	1	36.3311	1.04792e-26
0.10	1	39.3506	9.6735e-27
0.10	1	42.6211	8.93232e-27
0.10	1	46.1633	8.23625e-27
0.10	1	50.0	7.56799e-27
0.10	5	1.08311	3.83671e-22
0.10	5	1.17313	3.04474e-22
0.10	5	1.27063	2.37225e-22
0.10	5	1.37623	1.81193e-22
0.10	5	1.49061	1.35463e-22
0.10	5	1.6145	9.89621e-23
0.10	5	1.74868	7.05188e-23
0.10	5	1.89401	4.89227e-23
0.10	5	2.05143	3.29743e-23
0.10	5	2.22192	2.15443e-23
0.10	5	2.40659	1.36135e-23
0.10	5	2.6066	8.29851e-24
0.10	5	2.82324	4.86817e-24
0.10	5	3.05788	2.74203e-24
0.10	5	3.31202	1.48099e-24
0.10	5	3.58728	7.68737e-25
0.10	5	3.88543	3.896e-25
0.10	5	4.20835	2.04205e-25
0.10	5	4.5581	1.25e-25
0.10	5	4.93693	9.50426e-26
0.10	5	5.34724	8.18233e-26
0.10	5	5.79166	7.33092e-26
0.10	5	6.27301	6.64129e-26
0.10	5	6.79436	6.0432e-26
0.10	5	7.35904	5.51361e-26
0.10	5	7.97066	5.04079e-26
0.10	5	8.63311	4.61554e-26
0.10	5	9.35061	4.23211e-26
0.10	5	10.1277	3.88451e-26
0.10	5	10.9695	3.5691e-26
0.10	5	11.8812	3.28157e-26
0.10	5	12.8686	3.01887e-26
0.10	5	13.9381	2.77907e-26
0.10	5	15.0965	2.55878e-26
0.10	5	16.3512	2.35757e-26
0.10	5	17.7102	2.17267e-26
0.10	5	19.1821	2.00307e-26
0.10	5	20.7763	1.84671e-26
0.10	5	22.5031	1.70279e-26
0.10	5	24.3733	1.57032e-26
0.10	5	26.399	1.44914e-26
0.10	5	28.593	1.33664e-26
0.10	5	30.9694	1.23374e-26
0.10	5	33.5433	1.13826e-26
0.10	5	36.3311	1.04929e-26
0.10	5	39.3506	9.69567e-27
0.10	5	42.6211	8.94731e-27
0.10	5	46.1633	8.23981e-27
0.10	5	50.0	7.61817e-27
0.10	10	1.08311	3.90131e-21
0.10	10	1.17313	3.4617e-21
0.10	10	1.27063	3.04177e-21
0.10	10	1.37623	2.64531e-21
0.10	10	1.49061	2.27468e-21
0.10	10	1.6145	1.93249e-21
0.10	10	1.74868	1.62017e-21
0.10	10	1.89401	1.33922e-21
0.10	10	2.05143	1.09016e-21
0.10	10	2.22192	8.72779e-22
0.10	10	2.40659	6.86317e-22
0.10	10	2.6066	5.29433e-22
0.10	10	2.82324	3.99961e-22
0.10	10	3.05788	2.95382e-22
0.10	10	3.31202	2.12913e-22
0.10	10	3.58728	1.49478e-22
0.10	10	3.88543	1.02003e-22
0.10	10	4.20835	6.75039e-23
0.10	10	4.5581	4.32118e-23
0.10	10	4.93693	2.66899e-23
0.10	10	5.34724	1.58596e-23
0.10	10	5.79166	9.03864e-24
0.10	10	6.27301	4.92472e-24
0.10	10	6.79436	2.55616e-24
0.10	10	7.35904	1.26014e-24
0.10	10	7.97066	5.88759e-25
0.10	10	8.63311	2.62143e-25
0.10	10	9.35061	1.15827e-25
0.10	10	10.1277	5.92212e-26
0.10	10	10.9695	4.16912e-26
0.10	10	11.8812	3.57677e-26
0.10	10	12.8686	3.22398e-26
0.10	10	13.9381	2.93412e-26
0.10	10	15.0965	2.67872e-26
0.10	10	16.3512	2.45026e-26
0.10	10	17.7102	2.24434e-26
0.10	10	19.1821	2.05837e-26
0.10	10	20.7763	1.89005e-26
0.10	10	22.5031	1.73714e-26
0.10	10	24.3733	1.59725e-26
0.10	10	26.399	1.46995e-26
0.10	10	28.593	1.35322e-26
0.10	10	30.9694	1.24601e-26
0.10	10	33.5433	1.14834e-26
0.10	10	36.3311	1.05767e-26
0.10	10	39.3506	9.75779e-27
0.10	10	42.6211	8.99628e-27
0.10	10	46.1633	8.28951e-27
0.10	10	50.0	7.64961e-27
0.10	15	1.08311	1.08228e-20
0.10	15	1.17313	9.98438e-21
0.10	15	1.27063	9.1501e-21
0.10	15	1.37623	8.32602e-21
0.10	15	1.49061	7.5183e-21
0.10	15	1.6145	6.733e-21
0.10	15	1.74868	5.97741e-21
0.10	15	1.89401	5.25488e-21
0.10	15	2.05143	4.57215e-21
0.10	15	2.22192	3.93352e-21
0.10	15	2.40659	3.34354e-21
0.10	15	2.6066	2.80448e-21
0.10	15	2.82324	2.3196e-21
0.10	15	3.05788	1.889e-21
0.10	15	3.31202	1.51318e-21
0.10	15	3.58728	1.19059e-21
0.10	15	3.88543	9.18829e-22
0.10	15	4.20835	6.94441e-22
0.10	15	4.5581	5.13108e-22
0.10	15	4.93693	3.70007e-22
0.10	15	5.34724	2.59841e-22
0.10	15	5.79166	1.77343e-22
0.10	15	6.27301	1.17366e-22
0.10	15	6.79436	7.51244e-23
0.10	15	7.35904	4.63858e-23
0.10	15	7.97066	2.75455e-23
0.10	15	8.63311	1.56854e-23
0.10	15	9.35061	8.53428e-24
0.10	15	10.1277	4.42083e-24
0.10	15	10.9695	2.17195e-24
0.10	15	11.8812	1.00768e-24
0.10	15	12.8686	4.40463e-25
0.10	15	13.9381	1.82054e-25
0.10	15	15.0965	7.39696e-26
0.10	15	16.3512	3.55212e-26
0.10	15	17.7102	2.50359e-26
0.10	15	19.1821	2.17513e-26
0.10	15	20.7763	1.9712e-26
0.10	15	22.5031	1.79844e-26
0.10	15	24.3733	1.64462e-26
0.10	15	26.399	1.5064e-26
0.10	15	28.593	1.38171e-26
0.10	15	30.9694	1.26818e-26
0.10	15	33.5433	1.16526e-26
0.10	15	36.3311	1.07025e-26
0.10	15	39.3506	9.86077e-27
0.10	15	42.6211	9.07264e-27
0.10	15	46.1633	8.34944e-27
0.10	15	50.0	7.69965e-27
0.10	20	1.08311	2.02481e-20
0.10	20	1.17313	1.9052e-20
0.10	20	1.27063	1.78353e-20
0.10	20	1.37623	1.66084e-20
0.10	20	1.49061	1.53759e-20
0.10	20	1.6145	1.41448e-20
0.10	20	1.74868	1.29273e-20
0.10	20	1.89401	1.17271e-20
0.10	20	2.05143	1.05537e-20
0.10	20	2.22192	9.41986e-21
0.10	20	2.40659	8.32905e-21
0.10	20	2.6066	7.29185e-21
0.10	20	2.82324	6.31548e-21
0.10	20	3.05788	5.40736e-21
0.10	20	3.31202	4.57063e-21
0.10	20	3.58728	3.81238e-21
0.10	20	3.88543	3.13343e-21
0.10	20	4.20835	2.53462e-21
0.10	20	4.5581	2.01556e-21
0.10	20	4.93693	1.57337e-21
0.10	20	5.34724	1.20388e-21
0.10	20	5.79166	9.01398e-22
0.10	20	6.27301	6.59305e-22
0.10	20	6.79436	4.70214e-22
0.10	20	7.35904	3.26321e-22
0.10	20	7.97066	2.19843e-22
0.10	20	8.63311	1.43471e-22
0.10	20	9.35061	9.0445e-23
0.10	20	10.1277	5.49237e-23
0.10	20	10.9695	3.20329e-23
0.10	20	11.8812	1.78839e-23
0.10	20	12.8686	9.52506e-24
0.10	20	13.9381	4.82007e-24
0.10	20	15.0965	2.30856e-24
0.10	20	16.3512	1.04161e-24
0.10	20	17.7102	4.40851e-25
0.10	20	19.1821	1.75271e-25
0.10	20	20.7763	6.69353e-26
0.10	20	22.5031	2.86376e-26
0.10	20	24.3733	1.84242e-26
0.10	20	26.399	1.57386e-26
0.10	20	28.593	1.42552e-26
0.10	20	30.9694	1.30161e-26
0.10	20	33.5433	1.19097e-26
0.10	20	36.3311	1.09158e-26
0.10	20	39.3506	1.00005e-26
0.10	20	42.6211	9.18532e-27
0.10	20	46.1633	8.45077e-27
0.10	20	50.0	7.75534e-27
0.10	25	1.08311	3.15721e-20
0.10	25	1.17313	3.00623e-20
0.10	25	1.27063	2.85096e-20
0.10	25	1.37623	2.69202e-20
0.10	25	1.49061	2.53067e-20
0.10	25	1.6145	2.36656e-20
0.10	25	1.74868	2.20103e-20
0.10	25	1.89401	2.03508e-20
0.10	25	2.05143	1.8695e-20
0.10	25	2.22192	1.70592e-20
0.10	25	2.40659	1.54506e-20
0.10	25	2.6066	1.38812e-20
0.10	25	2.82324	1.23655e-20
0.10	25	3.05788	1.09108e-20
0.10	25	3.31202	9.53034e-21
0.10	25	3.58728	8.23516e-21
0.10	25	3.88543	7.03143e-21
0.10	25	4.20835	5.92781e-21
0.10	25	4.5581	4.9294e-21
0.10	25	4.93693	4.0378e-21
0.10	25	5.34724	3.25445e-21
0.10	25	5.79166	2.57821e-21
0.10	25	6.27301	2.00379e-21
0.10	25	6.79436	1.52627e-21
0.10	25	7.35904	1.13707e-21
0.10	25	7.97066	8.27264e-22
0.10	25	8.63311	5.86525e-22
0.10	25	9.35061	4.04468e-22
0.10	25	10.1277	2.706e-22
0.10	25	10.9695	1.75261e-22
0.10	25	11.8812	1.09589e-22
0.10	25	12.8686	6.59609e-23
0.10	25	13.9381	3.80995e-23
0.10	25	15.0965	2.10504e-23
0.10	25	16.3512	1.10816e-23
0.10	25	17.7102	5.53923e-24
0.10	25	19.1821	2.61652e-24
0.10	25	20.7763	1.16288e-24
0.10	25	22.5031	4.84051e-25
0.10	25	24.3733	1.88073e-25
0.10	25	26.399	6.92632e-26
0.10	25	28.593	2.67312e-26
0.10	25	30.9694	1.50538e-26
0.10	25	33.5433	1.24001e-26
0.10	25	36.3311	1.1195e-26
0.10	25	39.3506	1.02215e-26
0.10	25	42.6211	9.35689e-27
0.10	25	46.1633	8.57633e-27
0.10	25	50.0	7.87117e-27
0.10	30	1.08311	4.44206e-20
0.10	30	1.17313	4.26359e-20
0.10	30	1.27063	4.07867e-20
0.10	30	1.37623	3.88732e-20
0.10	30	1.49061	3.69138e-20
0.10	30	1.6145	3.48941e-20
0.10	30	1.74868	3.28407e-20
0.10	30	1.89401	3.07575e-20
0.10	30	2.05143	2.86562e-20
0.10	30	2.22192	2.65397e-20
0.10	30	2.40659	2.44275e-20
0.10	30	2.6066	2.23318e-20
0.10	30	2.82324	2.02685e-20
0.10	30	3.05788	1.82511e-20
0.10	30	3.31202	1.62992e-20
0.10	30	3.58728	1.442e-20
0.10	30	3.88543	1.26343e-20
0.10	30	4.20835	1.09503e-20
0.10	30	4.5581	9.38227e-21
0.10	30	4.93693	7.93844e-21
0.10	30	5.34724	6.62599e-21
0.10	30	5.79166	5.45125e-21
0.10	30	6.27301	4.41416e-21
0.10	30	6.79436	3.51339e-21
0.10	30	7.35904	2.74603e-21
0.10	30	7.97066	2.10375e-21
0.10	30	8.63311	1.57701e-21
0.10	30	9.35061	1.15506e-21
0.10	30	10.1277	8.24927e-22
0.10	30	10.9695	5.73292e-22
0.10	30	11.8812	3.86864e-22
0.10	30	12.8686	2.52825e-22
0.10	30	13.9381	1.5965e-22
0.10	30	15.0965	9.71126e-23
0.10	30	16.3512	5.67405e-23
0.10	30	17.7102	3.17341e-23
0.10	30	19.1821	1.693e-23
0.10	30	20.7763	8.58118e-24
0.10	30	22.5031	4.11746e-24
0.10	30	24.3733	1.86054e-24
0.10	30	26.399	7.88096e-25
0.10	30	28.593	3.11357e-25
0.10	30	30.9694	1.14497e-25
0.10	30	33.5433	4.05038e-26
0.10	30	36.3311	1.65724e-26
0.10	30	39.3506	1.10122e-26
0.10	30	42.6211	9.60128e-27
0.10	30	46.1633	8.73786e-27
0.10	30	50.0	7.98022e-27
1.00	1	1.08311	8.6428e-24
1.00	1	1.17313	7.80308e-24
1.00	1	1.27063	7.07585e-24
1.00	1	1.37623	6.43827e-24
1.00	1	1.49061	5.87348e-24
1.00	1	1.6145	5.36947e-24
1.00	1	1.74868	4.91685e-24
1.00	1	1.89401	4.50846e-24
1.00	1	2.05143	4.13855e-24
1.00	1	2.22192	3.8025e-24
1.00	1	2.40659	3.49641e-24
1.00	1	2.6066	3.21701e-24
1.00	1	2.82324	2.96145e-24
1.00	1	3.05788	2.72746e-24
1.00	1	3.31202	2.5129e-24
1.00	1	3.58728	2.31596e-24
1.00	1	3.88543	2.13494e-24
1.00	1	4.20835	1.96857e-24
1.00	1	4.5581	1.81555e-24
1.00	1	4.93693	1.67464e-24
1.00	1	5.34724	1.5449e-24
1.00	1	5.79166	1.42539e-24
1.00	1	6.27301	1.31527e-24
1.00	1	6.79436	1.21373e-24
1.00	1	7.35904	1.12011e-24
1.00	1	7.97066	1.03378e-24
1.00	1	8.63311	9.5417e-25
1.00	1	9.35061	8.8073e-25
1.00	1	10.1277	8.12966e-25
1.00	1	10.9695	7.50439e-25
1.00	1	11.8812	6.92742e-25
1.00	1	12.8686	6.39494e-25
1.00	1	13.9381	5.90351e-25
1.00	1	15.0965	5.44985e-25
1.00	1	16.3512	5.03118e-25
1.00	1	17.7102	4.64468e-25
1.00	1	19.1821	4.28803e-25
1.00	1	20.7763	3.9586e-25
1.00	1	22.5031	3.65472e-25
1.00	1	24.3733	3.37395e-25
1.00	1	26.399	3.11472e-25
1.00	1	28.593	2.87548e-25
1.00	1	30.9694	2.65457e-25
1.00	1	33.5433	2.45108e-25
1.00	1	36.3311	2.26223e-25
1.00	1	39.3506	2.08863e-25
1.00	1	42.6211	1.92809e-25
1.00	1	46.1633	1.78041e-25
1.00	1	50.0	1.64363e-25
1.00	5	1.08311	6.65199e-22
1.00	5	1.17313	5.37134e-22
1.00	5	1.27063	4.26817e-22
1.00	5	1.37623	3.33388e-22
1.00	5	1.49061	2.55683e-22
1.00	5	1.6145	1.92314e-22
1.00	5	1.74868	1.41702e-22
1.00	5	1.89401	1.02166e-22
1.00	5	2.05143	7.20108e-23
1.00	5	2.22192	4.95916e-23
1.00	5	2.40659	3.33733e-23
1.00	5	2.6066	2.19868e-23
1.00	5	2.82324	1.42565e-23
1.00	5	3.05788	9.20991e-24
1.00	5	3.31202	6.06798e-24
1.00	5	3.58728	4.216e-24
1.00	5	3.88543	3.17273e-24
1.00	5	4.20835	2.58065e-24
1.00	5	4.5581	2.21354e-24
1.00	5	4.93693	1.95397e-24
1.00	5	5.34724	1.75008e-24
1.00	5	5.79166	1.57984e-24
1.00	5	6.27301	1.43303e-24
1.00	5	6.79436	1.30422e-24
1.00	5	7.35904	1.19001e-24
1.00	5	7.97066	1.08796e-24
1.00	5	8.63311	9.96264e-25
1.00	5	9.35061	9.13503e-25
1.00	5	10.1277	8.3853e-25
1.00	5	10.9695	7.70425e-25
1.00	5	11.8812	7.08343e-25
1.00	5	12.8686	6.51705e-25
1.00	5	13.9381	5.99921e-25
1.00	5	15.0965	5.52486e-25
1.00	5	16.3512	5.09019e-25
1.00	5	17.7102	4.69109e-25
1.00	5	19.1821	4.32413e-25
1.00	5	20.7763	3.98705e-25
1.00	5	22.5031	3.67715e-25
1.00	5	24.3733	3.39154e-25
1.00	5	26.399	3.12864e-25
1.00	5	28.593	2.8865e-25
1.00	5	30.9694	2.66329e-25
1.00	5	33.5433	2.4575e-25
1.00	5	36.3311	2.26762e-25
1.00	5	39.3506	2.09297e-25
1.00	5	42.6211	1.93155e-25
1.00	5	46.1633	1.78283e-25
1.00	5	50.0	1.6458e-25
1.00	10	1.08311	5.91585e-21
1.00	10	1.17313	5.26265e-21
1.00	10	1.27063	4.6382e-21
1.00	10	1.37623	4.04693e-21
1.00	10	1.49061	3.4929e-21
1.00	10	1.6145	2.97975e-21
1.00	10	1.74868	2.51008e-21
1.00	10	1.89401	2.08598e-21
1.00	10	2.05143	1.70842e-21
1.00	10	2.22192	1.37732e-21
1.00	10	2.40659	1.09174e-21
1.00	10	2.6066	8.49723e-22
1.00	10	2.82324	6.48517e-22
1.00	10	3.05788	4.84612e-22
1.00	10	3.31202	3.53995e-22
1.00	10	3.58728	2.52374e-22
1.00	10	3.88543	1.75283e-22
1.00	10	4.20835	1.18381e-22
1.00	10	4.5581	7.75892e-23
1.00	10	4.93693	4.92666e-23
1.00	10	5.34724	3.02539e-23
1.00	10	5.79166	1.79538e-23
1.00	10	6.27301	1.03115e-23
1.00	10	6.79436	5.78149e-24
1.00	10	7.35904	3.25277e-24
1.00	10	7.97066	1.95733e-24
1.00	10	8.63311	1.36036e-24
1.00	10	9.35061	1.09231e-24
1.00	10	10.1277	9.47991e-25
1.00	10	10.9695	8.47291e-25
1.00	10	11.8812	7.65494e-25
1.00	10	12.8686	6.95078e-25
1.00	10	13.9381	6.33154e-25
1.00	10	15.0965	5.7811e-25
1.00	10	16.3512	5.28805e-25
1.00	10	17.7102	4.84465e-25
1.00	10	19.1821	4.44354e-25
1.00	10	20.7763	4.08007e-25
1.00	10	22.5031	3.74957e-25
1.00	10	24.3733	3.44855e-25
1.00	10	26.399	3.17319e-25
1.00	10	28.593	2.92155e-25
1.00	10	30.9694	2.69056e-25
1.00	10	33.5433	2.47901e-25
1.00	10	36.3311	2.2847e-25
1.00	10	39.3506	2.10602e-25
1.00	10	42.6211	1.94204e-25
1.00	10	46.1633	1.79121e-25
1.00	10	50.0	1.65208e-25
1.00	15	1.08311	1.61036e-20
1.00	15	1.17313	1.48674e-20
1.00	15	1.27063	1.36376e-20
1.00	15	1.37623	1.24235e-20
1.00	15	1.49061	1.12326e-20
1.00	15	1.6145	1.00738e-20
1.00	15	1.74868	8.95618e-21
1.00	15	1.89401	7.88741e-21
1.00	15	2.05143	6.87585e-21
1.00	15	2.22192	5.92828e-21
1.00	15	2.40659	5.05109e-21
1.00	15	2.6066	4.24893e-21
1.00	15	2.82324	3.52515e-21
1.00	15	3.05788	2.88127e-21
1.00	15	3.31202	2.31754e-21
1.00	15	3.58728	1.83212e-21
1.00	15	3.88543	1.42144e-21
1.00	15	4.20835	1.08087e-21
1.00	15	4.5581	8.04228e-22
1.00	15	4.93693	5.84505e-22
1.00	15	5.34724	4.14248e-22
1.00	15	5.79166	2.85702e-22
1.00	15	6.27301	1.91374e-22
1.00	15	6.79436	1.24218e-22
1.00	15	7.35904	7.79451e-23
1.00	15	7.97066	4.71664e-23
1.00	15	8.63311	2.74605e-23
1.00	15	9.35061	1.53532e-23
1.00	15	10.1277	8.23948e-24
1.00	15	10.9695	4.26913e-24
1.00	15	11.8812	2.19345e-24
1.00	15	12.8686	1.21077e-24
1.00	15	13.9381	8.0806e-25
1.00	15	15.0965	6.51217e-25
1.00	15	16.3512	5.71533e-25
1.00	15	17.7102	5.14513e-25
1.00	15	19.1821	4.66856e-25
1.00	15	20.7763	4.25146e-25
1.00	15	22.5031	3.88085e-25
1.00	15	24.3733	3.54962e-25
1.00	15	26.399	3.25139e-25
1.00	15	28.593	2.98202e-25
1.00	15	30.9694	2.73801e-25
1.00	15	33.5433	2.51609e-25
1.00	15	36.3311	2.3139e-25
1.00	15	39.3506	2.12903e-25
1.00	15	42.6211	1.9599e-25
1.00	15	46.1633	1.80524e-25
1.00	15	50.0	1.66306e-25
1.00	20	1.08311	2.99474e-20
1.00	20	1.17313	2.81876e-20
1.00	20	1.27063	2.64001e-20
1.00	20	1.37623	2.45953e-20
1.00	20	1.49061	2.27837e-20
1.00	20	1.6145	2.09739e-20
1.00	20	1.74868	1.91808e-20
1.00	20	1.89401	1.74131e-20
1.00	20	2.05143	1.56874e-20
1.00	20	2.22192	1.4013e-20
1.00	20	2.40659	1.2405e-20
1.00	20	2.6066	1.08731e-20
1.00	20	2.82324	9.43034e-21
1.00	20	3.05788	8.08632e-21
1.00	20	3.31202	6.84829e-21
1.00	20	3.58728	5.72347e-21
1.00	20	3.88543	4.71483e-21
1.00	20	4.20835	3.82412e-21
1.00	20	4.5581	3.05013e-21
1.00	20	4.93693	2.38893e-21
1.00	20	5.34724	1.83503e-21
1.00	20	5.79166	1.38015e-21
1.00	20	6.27301	1.01462e-21
1.00	20	6.79436	7.27806e-22
1.00	20	7.35904	5.0842e-22
1.00	20	7.97066	3.45194e-22
1.00	20	8.63311	2.27244e-22
1.00	20	9.35061	1.44712e-22
1.00	20	10.1277	8.89246e-23
1.00	20	10.9695	5.25764e-23
1.00	20	11.8812	2.98279e-23
1.00	20	12.8686	1.61874e-23
1.00	20	13.9381	8.39815e-24
1.00	20	15.0965	4.16661e-24
1.00	20	16.3512	2.01018e-24
1.00	20	17.7102	1.00881e-24
1.00	20	19.1821	6.10877e-25
1.00	20	20.7763	4.72441e-25
1.00	20	22.5031	4.12025e-25
1.00	20	24.3733	3.71218e-25
1.00	20	26.399	3.37256e-25
1.00	20	28.593	3.0745e-25
1.00	20	30.9694	2.80875e-25
1.00	20	33.5433	2.57048e-25
1.00	20	36.3311	2.35605e-25
1.00	20	39.3506	2.16186e-25
1.00	20	42.6211	1.9853e-25
1.00	20	46.1633	1.82491e-25
1.00	20	50.0	1.67871e-25
1.00	25	1.08311	4.65729e-20
1.00	25	1.17313	4.43548e-20
1.00	25	1.27063	4.20732e-20
1.00	25	1.37623	3.97393e-20
1.00	25	1.49061	3.73624e-20
1.00	25	1.6145	3.49515e-20
1.00	25	1.74868	3.25197e-20
1.00	25	1.89401	3.00821e-20
1.00	25	2.05143	2.76519e-20
1.00	25	2.22192	2.52446e-20
1.00	25	2.40659	2.28771e-20
1.00	25	2.6066	2.05682e-20
1.00	25	2.82324	1.83345e-20
1.00	25	3.05788	1.6192e-20
1.00	25	3.31202	1.41576e-20
1.00	25	3.58728	1.22461e-20
1.00	25	3.88543	1.04689e-20
1.00	25	4.20835	8.83784e-21
1.00	25	4.5581	7.35998e-21
1.00	25	4.93693	6.03974e-21
1.00	25	5.34724	4.87794e-21
1.00	25	5.79166	3.87249e-21
1.00	25	6.27301	3.01805e-21
1.00	25	6.79436	2.30559e-21
1.00	25	7.35904	1.72361e-21
1.00	25	7.97066	1.25882e-21
1.00	25	8.63311	8.96571e-22
1.00	25	9.35061	6.21407e-22
1.00	25	10.1277	4.18256e-22
1.00	25	10.9695	2.7273e-22
1.00	25	11.8812	1.71868e-22
1.00	25	12.8686	1.04383e-22
1.00	25	13.9381	6.09322e-23
1.00	25	15.0965	3.40737e-23
1.00	25	16.3512	1.82024e-23
1.00	25	17.7102	9.26057e-24
1.00	25	19.1821	4.48407e-24
1.00	25	20.7763	2.08268e-24
1.00	25	22.5031	9.70702e-25
1.00	25	24.3733	5.24919e-25
1.00	25	26.399	3.7773e-25
1.00	25	28.593	3.23851e-25
1.00	25	30.9694	2.91244e-25
1.00	25	33.5433	2.64686e-25
1.00	25	36.3311	2.41382e-25
1.00	25	39.3506	2.20622e-25
1.00	25	42.6211	2.01995e-25
1.00	25	46.1633	1.85167e-25
1.00	25	50.0	1.6994e-25
1.00	30	1.08311	6.54285e-20
1.00	30	1.17313	6.28106e-20
1.00	30	1.27063	6.00928e-20
1.00	30	1.37623	5.72904e-20
1.00	30	1.49061	5.44046e-20
1.00	30	1.6145	5.14478e-20
1.00	30	1.74868	4.84338e-20
1.00	30	1.89401	4.53707e-20
1.00	30	2.05143	4.22724e-20
1.00	30	2.22192	3.91659e-20
1.00	30	2.40659	3.60643e-20
1.00	30	2.6066	3.29851e-20
1.00	30	2.82324	2.9953e-20
1.00	30	3.05788	2.69883e-20
1.00	30	3.31202	2.41128e-20
1.00	30	3.58728	2.13478e-20
1.00	30	3.88543	1.87159e-20
1.00	30	4.20835	1.62342e-20
1.00	30	4.5581	1.3922e-20
1.00	30	4.93693	1.17914e-20
1.00	30	5.34724	9.85463e-21
1.00	30	5.79166	8.11797e-21
1.00	30	6.27301	6.58347e-21
1.00	30	6.79436	5.24998e-21
1.00	30	7.35904	4.11071e-21
1.00	30	7.97066	3.15638e-21
1.00	30	8.63311	2.37248e-21
1.00	30	9.35061	1.74272e-21
1.00	30	10.1277	1.24878e-21
1.00	30	10.9695	8.71286e-22
1.00	30	11.8812	5.90536e-22
1.00	30	12.8686	3.87933e-22
1.00	30	13.9381	2.4641e-22
1.00	30	15.0965	1.50919e-22
1.00	30	16.3512	8.8874e-23
1.00	30	17.7102	5.01669e-23
1.00	30	19.1821	2.7051e-23
1.00	30	20.7763	1.38888e-23
1.00	30	22.5031	6.77089e-24
1.00	30	24.3733	3.13274e-24
1.00	30	26.399	1.39367e-24
1.00	30	28.593	6.39611e-25
1.00	30	30.9694	3.6682e-25
1.00	30	33.5433	2.84051e-25
1.00	30	36.3311	2.50189e-25
1.00	30	39.3506	2.26594e-25
1.00	30	42.6211	2.06444e-25
1.00	30	46.1633	1.88584e-25
1.00	30	50.0	1.72566e-25