U[m/s]	psi[rad]	Noise[Hz^-1/2]
1	0.0641141	7.65795e-26
1	0.128228	7.65793e-26
1	0.192342	7.65753e-26
1	0.256457	7.65631e-26
1	0.320571	7.65576e-26
1	0.384685	7.65473e-26
1	0.448799	7.6535e-26
1	0.512913	7.6521e-26
1	0.577027	7.65036e-26
1	0.641141	7.6489e-26
1	0.705255	7.64726e-26
1	0.76937	7.64569e-26
1	0.833484	7.64424e-26
1	0.897598	7.64256e-26
1	0.961712	7.64064e-26
1	1.02583	7.63924e-26
1	1.08994	7.6377e-26
1	1.15405	7.63644e-26
1	1.21817	7.6353e-26
1	1.28228	7.63401e-26
1	1.3464	7.63324e-26
1	1.41051	7.63265e-26
1	1.47463	7.6321e-26
1	1.53874	7.63205e-26
1	1.60285	7.6319e-26
1	1.66697	7.632e-26
1	1.73108	7.63282e-26
1	1.7952	7.63335e-26
1	1.85931	7.63422e-26
1	1.92342	7.63531e-26
1	1.98754	7.6362e-26
1	2.05165	7.63748e-26
1	2.11577	7.63915e-26
1	2.17988	7.64071e-26
1	2.24399	7.64233e-26
1	2.30811	7.64411e-26
1	2.37222	7.64551e-26
1	2.43634	7.64726e-26
1	2.50045	7.64898e-26
1	2.56457	7.65052e-26
1	2.62868	7.65209e-26
1	2.69279	7.65341e-26
1	2.75691	7.65434e-26
1	2.82102	7.65571e-26
1	2.88514	7.6569e-26
1	2.94925	7.65774e-26
1	3.01336	7.65811e-26
1	3.07748	7.65812e-26
1	3.14159	7.65795e-26
5	0.0641141	9.22706e-26
5	0.128228	9.2124e-26
5	0.192342	9.18981e-26
5	0.256457	9.15791e-26
5	0.320571	9.11762e-26
5	0.384685	9.06965e-26
5	0.448799	9.0151e-26
5	0.512913	8.95388e-26
5	0.577027	8.88696e-26
5	0.641141	8.81543e-26
5	0.705255	8.74074e-26
5	0.76937	8.6638e-26
5	0.833484	8.58621e-26
5	0.897598	8.5089e-26
5	0.961712	8.43264e-26
5	1.02583	8.36002e-26
5	1.08994	8.29079e-26
5	1.15405	8.22708e-26
5	1.21817	8.17009e-26
5	1.28228	8.12061e-26
5	1.3464	8.08011e-26
5	1.41051	8.04853e-26
5	1.47463	8.02743e-26
5	1.53874	8.01698e-26
5	1.60285	8.01683e-26
5	1.66697	8.02752e-26
5	1.73108	8.04873e-26
5	1.7952	8.08022e-26
5	1.85931	8.12099e-26
5	1.92342	8.17019e-26
5	1.98754	8.22742e-26
5	2.05165	8.29105e-26
5	2.11577	8.3599e-26
5	2.17988	8.43252e-26
5	2.24399	8.50839e-26
5	2.30811	8.58606e-26
5	2.37222	8.66375e-26
5	2.43634	8.74054e-26
5	2.50045	8.81522e-26
5	2.56457	8.88665e-26
5	2.62868	8.95354e-26
5	2.69279	9.01493e-26
5	2.75691	9.0697e-26
5	2.82102	9.11755e-26
5	2.88514	9.15772e-26
5	2.94925	9.18936e-26
5	3.01336	9.21232e-26
5	3.07748	9.22629e-26
5	3.14159	9.23083e-26
10	0.0641141	2.45868e-23
10	0.128228	2.44439e-23
10	0.192342	2.42083e-23
10	0.256457	2.38765e-23
10	0.320571	2.34562e-23
10	0.384685	2.29454e-23
10	0.448799	2.23472e-23
10	0.512913	2.16661e-23
10	0.577027	2.09044e-23
10	0.641141	2.00659e-23
10	0.705255	1.91569e-23
10	0.76937	1.81825e-23
10	0.833484	1.71469e-23
10	0.897598	1.60597e-23
10	0.961712	1.49278e-23
10	1.02583	1.37617e-23
10	1.08994	1.25744e-23
10	1.15405	1.13801e-23
10	1.21817	1.02011e-23
10	1.28228	9.06614e-24
10	1.3464	8.01544e-24
10	1.41051	7.10757e-24
10	1.47463	6.42226e-24
10	1.53874	6.0471e-24
10	1.60285	6.04694e-24
10	1.66697	6.42234e-24
10	1.73108	7.1079e-24
10	1.7952	8.01576e-24
10	1.85931	9.06661e-24
10	1.92342	1.02014e-23
10	1.98754	1.13806e-23
10	2.05165	1.25745e-23
10	2.11577	1.37623e-23
10	2.17988	1.49276e-23
10	2.24399	1.60593e-23
10	2.30811	1.71467e-23
10	2.37222	1.81812e-23
10	2.43634	1.91565e-23
10	2.50045	2.00656e-23
10	2.56457	2.09048e-23
10	2.62868	2.1667e-23
10	2.69279	2.23487e-23
10	2.75691	2.29462e-23
10	2.82102	2.34579e-23
10	2.88514	2.38788e-23
10	2.94925	2.42088e-23
10	3.01336	2.44449e-23
10	3.07748	2.45891e-23
10	3.14159	2.46352e-23
20	0.0641141	1.50705e-21
20	0.128228	1.49866e-21
20	0.192342	1.48454e-21
20	0.256457	1.46498e-21
20	0.320571	1.44025e-21
20	0.384685	1.41024e-21
20	0.448799	1.37499e-21
20	0.512913	1.33482e-21
20	0.577027	1.29015e-21
20	0.641141	1.24097e-21
20	0.705255	1.18777e-21
20	0.76937	1.13094e-21
20	0.833484	1.07081e-21
20	0.897598	1.00783e-21
20	0.961712	9.42676e-22
20	1.02583	8.76128e-22
20	1.08994	8.08807e-22
20	1.15405	7.42015e-22
20	1.21817	6.77006e-22
20	1.28228	6.15799e-22
20	1.3464	5.60549e-22
20	1.41051	5.14258e-22
20	1.47463	4.80395e-22
20	1.53874	4.62508e-22
20	1.60285	4.62401e-22
20	1.66697	4.80342e-22
20	1.73108	5.1424e-22
20	1.7952	5.60491e-22
20	1.85931	6.15722e-22
20	1.92342	6.77107e-22
20	1.98754	7.42062e-22
20	2.05165	8.08784e-22
20	2.11577	8.76024e-22
20	2.17988	9.42622e-22
20	2.24399	1.00775e-21
20	2.30811	1.07056e-21
20	2.37222	1.13081e-21
20	2.43634	1.1878e-21
20	2.50045	1.24098e-21
20	2.56457	1.29007e-21
20	2.62868	1.33488e-21
20	2.69279	1.37502e-21
20	2.75691	1.41018e-21
20	2.82102	1.44031e-21
20	2.88514	1.46511e-21
20	2.94925	1.48461e-21
20	3.01336	1.49876e-21
20	3.07748	1.50709e-21
20	3.14159	1.51001e-21
30	0.0641141	7.70498e-21
30	0.128228	7.66424e-21
30	0.192342	7.59418e-21
30	0.256457	7.49748e-21
30	0.320571	7.37384e-21
30	0.384685	7.22388e-21
30	0.448799	7.0494e-21
30	0.512913	6.84985e-21
30	0.577027	6.62805e-21
30	0.641141	6.38339e-21
30	0.705255	6.12087e-21
30	0.76937	5.84031e-21
30	0.833484	5.54506e-21
30	0.897598	5.23703e-21
30	0.961712	4.91673e-21
30	1.02583	4.59338e-21
30	1.08994	4.26753e-21
30	1.15405	3.94587e-21
30	1.21817	3.6366e-21
30	1.28228	3.34712e-21
30	1.3464	3.0903e-21
30	1.41051	2.87839e-21
30	1.47463	2.72561e-21
30	1.53874	2.64499e-21
30	1.60285	2.64528e-21
30	1.66697	2.72618e-21
30	1.73108	2.87861e-21
30	1.7952	3.09056e-21
30	1.85931	3.34837e-21
30	1.92342	3.63665e-21
30	1.98754	3.94644e-21
30	2.05165	4.26707e-21
30	2.11577	4.59293e-21
30	2.17988	4.91695e-21
30	2.24399	5.23624e-21
30	2.30811	5.54502e-21
30	2.37222	5.84179e-21
30	2.43634	6.12235e-21
30	2.50045	6.38493e-21
30	2.56457	6.62785e-21
30	2.62868	6.85041e-21
30	2.69279	7.0487e-21
30	2.75691	7.22453e-21
30	2.82102	7.37433e-21
30	2.88514	7.49739e-21
30	2.94925	7.59644e-21
30	3.01336	7.6651e-21
30	3.07748	7.70632e-21
30	3.14159	7.72044e-21